1 -2.45724 0.672442 3.81135 -0.845521 1.34687 -2.46613 -3.14159e-18 
2.63291 -2.93222 -0.681986 1.45964 -1.70316 -0.650222 -2.38822 -3.14159e-18 
4.26582 -2.94107 -2.04981 -1.67237 -1.55874 -1.32079 -1.70667 -3.14159e-18 
5.89873 -2.83816 -2.61192 -2.98823 -1.18132 -1.20512 -1.16999 -3.14159e-18 
7.53165 -2.70097 -2.68859 -3.21363 -0.855826 -0.928814 -0.815632 -3.14159e-18 
9.16456 -2.5556 -2.58245 -3.05579 -0.621286 -0.68712 -0.584656 -3.14159e-18 
10.7975 -2.41235 -2.42812 -2.81166 -0.457852 -0.507079 -0.430117 -3.14159e-18 
12.4304 -2.27547 -2.27129 -2.57259 -0.342988 -0.377324 -0.323387 -3.14159e-18 
14.0633 -2.14661 -2.12496 -2.35986 -0.260732 -0.283645 -0.247544 -3.14159e-18 
15.6962 -2.02621 -1.99172 -2.1749 -0.200693 -0.215271 -0.192345 -3.14159e-18 
17.3291 -1.91412 -1.87108 -2.01434 -0.15612 -0.164744 -0.151358 -3.14159e-18 
18.962 -1.80994 -1.76176 -1.87418 -0.122542 -0.126966 -0.120407 -3.14159e-18 
20.5949 -1.71312 -1.66236 -1.75089 -0.0969256 -0.0984214 -0.0966949 -3.14159e-18 
22.2278 -1.62312 -1.57163 -1.64156 -0.0771698 -0.0766534 -0.0783016 -3.14159e-18 
23.8608 -1.53938 -1.48847 -1.54386 -0.0617888 -0.0599176 -0.0638777 -3.14159e-18 
25.4937 -1.46143 -1.41196 -1.45592 -0.0497141 -0.0469593 -0.052457 -3.14159e-18 
27.1266 -1.38878 -1.34131 -1.37625 -0.0401653 -0.0368635 -0.0433363 -3.14159e-18 
28.7595 -1.32102 -1.27586 -1.30365 -0.0325649 -0.0289556 -0.035996 -3.14159e-18 
30.3924 -1.25773 -1.21505 -1.23716 -0.0264802 -0.0227326 -0.0300471 -3.14159e-18 
32.0253 -1.19854 -1.15841 -1.17598 -0.0215836 -0.0178161 -0.0251951 -3.14159e-18 
33.6582 -1.14309 -1.10553 -1.11946 -0.0176248 -0.0139186 -0.0212147 -3.14159e-18 
35.2911 -1.09109 -1.05604 -1.06706 -0.0144109 -0.0108204 -0.0179318 -3.14159e-18 
36.9241 -1.04222 -1.00965 -1.01833 -0.011792 -0.00835221 -0.0152108 -3.14159e-18 
38.557 -0.996303 -0.96608 -0.972873 -0.00965077 -0.00638278 -0.012945 -3.14159e-18 
40.1899 -0.953108 -0.925093 -0.930366 -0.00789495 -0.00480983 -0.0110504 -3.14159e-18 
41.8228 -0.912446 -0.886481 -0.890527 -0.00645138 -0.00355311 -0.00945976 -3.14159e-18 
43.4557 -0.874151 -0.850055 -0.853112 -0.00526184 -0.0025494 -0.00811941 -3.14159e-18 
45.0886 -0.83794 -0.815649 -0.817907 -0.00427972 -0.00174866 -0.00698603 -3.14159e-18 
46.7215 -0.803785 -0.783111 -0.784726 -0.00346751 -0.00111107 -0.00602452 -3.14159e-18 
48.3544 -0.771369 -0.752307 -0.753404 -0.00279496 -0.000604808 -0.00520633 -3.14159e-18 
49.9873 -0.740706 -0.723114 -0.723795 -0.00223748 -0.000204343 -0.00450809 -3.14159e-18 
51.6203 -0.711677 -0.69542 -0.695768 -0.00177509 0.000110902 -0.00391059 -3.14159e-18 
53.2532 -0.684149 -0.669125 -0.669206 -0.00139142 0.000357586 -0.00339797 -3.14159e-18 
54.8861 -0.658024 -0.644134 -0.644003 -0.00107308 0.000549257 -0.00295711 -3.14159e-18 
56.519 -0.633236 -0.620364 -0.620063 -0.000809016 0.000696978 -0.00257706 -3.14159e-18 
58.1519 -0.609758 -0.597736 -0.597299 -0.000590115 0.000809817 -0.00224871 -3.14159e-18 
59.7848 -0.587338 -0.576177 -0.575633 -0.000408828 0.00089523 -0.00196441 -3.14159e-18 
61.4177 -0.565865 -0.555621 -0.55499 -0.000258887 0.000959326 -0.00171772 -3.14159e-18 
63.0506 -0.545628 -0.536007 -0.535306 -0.000135075 0.00100707 -0.00150324 -3.14159e-18 
64.6835 -0.526063 -0.517277 -0.516518 -3.30493e-05 0.00104241 -0.00131639 -3.14159e-18 
66.3165 -0.507675 -0.499379 -0.498571 5.0809e-05 0.0010683 -0.00115329 -3.14159e-18 
67.9494 -0.490018 -0.482263 -0.481414 0.000119503 0.0010867 -0.00101067 -3.14159e-18 
69.5823 -0.47304 -0.465886 -0.465003 0.000175512 0.00109848 -0.000885747 -3.14159e-18 
71.2152 -0.456996 -0.450207 -0.449299 0.000220852 0.00110331 -0.000776189 -3.14159e-18 
72.8481 -0.441651 -0.435192 -0.434268 0.000257129 0.00109952 -0.000680038 -3.14159e-18 
74.481 -0.426862 -0.420809 -0.419884 0.000285572 0.00108399 -0.000595673 -3.14159e-18 
76.1139 -0.412633 -0.407034 -0.406128 0.000307057 0.00105219 -0.000521773 -3.14159e-18 
77.7468 -0.398994 -0.393847 -0.392987 0.000322136 0.000998336 -0.000457283 -3.14159e-18 
79.3797 -0.385945 -0.381235 -0.380455 0.000331066 0.000915899 -0.000401385 -3.14159e-18 
81.0127 -0.373459 -0.369189 -0.368533 0.000333855 0.000798394 -0.000353459 -3.14159e-18 
82.6456 -0.36148 -0.357703 -0.35722 0.000330319 0.000640532 -0.000313048 -3.14159e-18 
84.2785 -0.349925 -0.346777 -0.34652 0.000320176 0.000439638 -0.0002798 -3.14159e-18 
85.9114 -0.338729 -0.336409 -0.336428 0.000303155 0.000197141 -0.000253417 -3.14159e-18 
87.5443 -0.327908 -0.326597 -0.326933 0.000279128 -8.01831e-05 -0.000233581 -3.14159e-18 
89.1772 -0.317664 -0.317333 -0.318013 0.000248248 -0.000379499 -0.000219894 -3.14159e-18 
90.8101 -0.308196 -0.308605 -0.309633 0.000211071 -0.000682163 -0.000211812 -3.14159e-18 
92.443 -0.299093 -0.300394 -0.301745 0.000168635 -0.000965051 -0.00020861 -3.14159e-18 
94.0759 -0.290361 -0.292674 -0.294294 0.000122492 -0.001203 -0.000209359 -3.14159e-18 
95.7089 -0.282705 -0.285415 -0.28722 7.46483e-05 -0.00137205 -0.000212949 -3.14159e-18 
97.3418 -0.275628 -0.278582 -0.280466 2.74356e-05 -0.00145298 -0.000218138 -3.14159e-18 
98.9747 -0.268924 -0.272137 -0.273982 -1.66821e-05 -0.00143441 -0.000223633 -3.14159e-18 
100.608 -0.263512 -0.266044 -0.26773 -5.53492e-05 -0.00131488 -0.000228188 -3.14159e-18 
102.241 -0.258081 -0.260265 -0.261686 -8.65524e-05 -0.00110342 -0.000230712 -3.14159e-18 
103.873 -0.253772 -0.254767 -0.255838 -0.000108829 -0.000818365 -0.000230354 -3.14159e-18 
105.506 -0.249325 -0.249516 -0.250183 -0.0001214 -0.000484876 -0.000226574 -3.14159e-18 
107.139 -0.245658 -0.244477 -0.244721 -0.000124222 -0.000131389 -0.000219162 -3.14159e-18 
108.772 -0.241486 -0.23962 -0.239453 -0.000117943 0.000214095 -0.000208238 -3.14159e-18 
110.405 -0.237975 -0.234909 -0.234374 -0.000103787 0.000527304 -0.000194196 -3.14159e-18 
112.038 -0.23363 -0.230314 -0.229473 -8.33789e-05 0.000790057 -0.000177642 -3.14159e-18 
113.671 -0.229781 -0.225802 -0.224729 -5.85537e-05 0.000991399 -0.000159307 -3.14159e-18 
115.304 -0.225554 -0.221345 -0.220118 -3.11643e-05 0.00112756 -0.000139966 -3.14159e-18 
116.937 -0.220884 -0.216919 -0.215612 -2.92784e-06 0.00120095 -0.00012036 -3.14159e-18 
118.57 -0.216723 -0.212503 -0.211181 2.46893e-05 0.00121868 -0.000101148 -3.14159e-18 
120.203 -0.212073 -0.208085 -0.2068 5.05343e-05 0.00119069 -8.28636e-05 -3.14159e-18 
121.835 -0.207071 -0.203656 -0.202448 7.37875e-05 0.00112814 -6.5906e-05 -3.14159e-18 
123.468 -0.20258 -0.199216 -0.198109 9.39461e-05 0.00104201 -5.05359e-05 -3.14159e-18 
125.101 -0.197927 -0.194766 -0.193777 0.000110784 0.000942071 -3.68901e-05 -3.14159e-18 
126.734 -0.192806 -0.190315 -0.189448 0.000124297 0.000836374 -2.50032e-05 -3.14159e-18 
128.367 -0.187877 -0.185872 -0.185125 0.000134642 0.000731098 -1.48294e-05 -3.14159e-18 
130 -0.183406 -0.181448 -0.180815 0.000142083 0.000630677 -6.26719e-06 -3.14159e-18 
