1 2.81593 2.08978 4.40346 1.32705 4.63935 4.20258 2.82867 
2.63291 1.15243 1.26922 2.88875 0.662274 2.0821 1.19575 0.614167 
4.26582 0.668569 0.757129 1.67606 0.250084 0.999193 0.372155 0.2142 
5.89873 0.442373 0.474864 1.01096 0.0877855 0.550755 0.127259 0.0959793 
7.53165 0.314587 0.321183 0.665964 0.0303954 0.348339 0.0468803 0.0499602 
9.16456 0.234364 0.232063 0.473909 0.00973732 0.242714 0.0170238 0.02853 
10.7975 0.180413 0.175806 0.35578 0.00184079 0.179804 0.00481209 0.0173353 
12.4304 0.142344 0.137639 0.276915 -0.00126733 0.138652 -0.000390542 0.0110189 
14.0633 0.114483 0.110349 0.221125 -0.00241003 0.109982 -0.00254025 0.00725159 
15.6962 0.093511 0.0900825 0.180005 -0.00269962 0.089099 -0.00329168 0.00490716 
17.3291 0.0773659 0.0745975 0.148758 -0.00261713 0.0733766 -0.00339466 0.00339797 
18.962 0.0646995 0.0624988 0.124443 -0.00238301 0.0612299 -0.00320608 0.00239902 
20.5949 0.0546071 0.0528734 0.105159 -0.00210078 0.0516494 -0.00290015 0.00172217 
22.2278 0.0464529 0.0451003 0.0896219 -0.00181858 0.0439637 -0.00256217 0.00125429 
23.8608 0.0397965 0.0387433 0.0769383 -0.00155758 0.0377101 -0.0022329 0.000925212 
25.4937 0.0342995 0.0334879 0.0664674 -0.00132561 0.0325604 -0.00193038 0.000690208 
27.1266 0.0297255 0.0291025 0.0577393 -0.00112406 0.0282758 -0.00166114 0.000520109 
28.7595 0.0258877 0.0254129 0.0504023 -0.000951258 0.0246792 -0.00142589 0.000395498 
30.3924 0.0226426 0.0222862 0.0441887 -0.000804323 0.0216364 -0.00122263 0.000303215 
32.0253 0.019883 0.0196193 0.0388916 -0.000679998 0.0190443 -0.00104818 0.000234201 
33.6582 0.017523 0.0173315 0.0343493 -0.000575103 0.0168225 -0.000899055 0.000182127 
35.2911 0.0154918 0.0153586 0.0304333 -0.000486733 0.0149076 -0.000771862 0.000142513 
36.9241 0.0137388 0.0136491 0.0270409 -0.000412322 0.013249 -0.000663475 0.000112151 
38.557 0.0122164 0.0121614 0.0240893 -0.000349656 0.0118059 -0.000571124 8.87198e-05 
40.1899 0.0108895 0.0108617 0.0215108 -0.00029685 0.010545 -0.000492396 7.0522e-05 
41.8228 0.00972823 0.00972191 0.0192498 -0.000252311 0.00943929 -0.000425218 5.63053e-05 
43.4557 0.00870949 0.00871904 0.0172606 -0.000214703 0.00846623 -0.000367827 4.51381e-05 
45.0886 0.00781193 0.00783387 0.0155049 -0.000182908 0.00760716 -0.000318726 3.63217e-05 
46.7215 0.00701914 0.00705033 0.0139507 -0.00015599 0.0068465 -0.000276652 2.93284e-05 
48.3544 0.00631618 0.00635484 0.0125712 -0.000133171 0.0061711 -0.000240542 2.37569e-05 
49.9873 0.00569258 0.00573595 0.0113435 -0.0001138 0.00556987 -0.000209498 1.93e-05 
51.6203 0.00513733 0.00518388 0.0102484 -9.7336e-05 0.00503336 -0.000182767 1.57211e-05 
53.2532 0.00464139 0.00469032 0.00926927 -8.3326e-05 0.0045535 -0.000159711 1.28371e-05 
54.8861 0.00419767 0.00424809 0.00839191 -7.13927e-05 0.00412338 -0.000139796 1.05052e-05 
56.519 0.00380066 0.00385102 0.00760408 -6.12202e-05 0.00373701 -0.000122568 8.61391e-06 
58.1519 0.00344405 0.00349379 0.00689517 -5.25433e-05 0.00338922 -0.000107645 7.07546e-06 
59.7848 0.00312266 0.00317173 0.00625597 -4.51399e-05 0.0030755 -9.47021e-05 5.82059e-06 
61.4177 0.00283327 0.0028808 0.00567842 -3.88216e-05 0.00279194 -8.34635e-05 4.79437e-06 
63.0506 0.00257162 0.00261745 0.00515549 -3.34281e-05 0.00253506 -7.36929e-05 3.95306e-06 
64.6835 0.00233495 0.00237857 0.00468101 -2.88226e-05 0.00230186 -6.51871e-05 3.26176e-06 
66.3165 0.00211964 0.00216145 0.00424957 -2.48854e-05 0.00208967 -5.77692e-05 2.69249e-06 
67.9494 0.00192478 0.0019637 0.0038565 -2.15111e-05 0.00189618 -5.12832e-05 2.22279e-06 
69.5823 0.00174682 0.00178332 0.00349776 -1.86032e-05 0.00171938 -4.55895e-05 1.83457e-06 
71.2152 0.00158359 0.00161855 0.00316998 -1.6072e-05 0.00155761 -4.056e-05 1.51328e-06 
72.8481 0.00143421 0.00146805 0.00287046 -1.38312e-05 0.00140952 -3.60757e-05 1.24719e-06 
74.481 0.00129741 0.00133075 0.0025972 -1.17963e-05 0.00127409 -3.20238e-05 1.02684e-06 
76.1139 0.0011703 0.00120596 0.00234895 -9.88521e-06 0.00115072 -2.82971e-05 8.44686e-07 
77.7468 0.00105283 0.00109339 0.00212525 -8.01892e-06 0.00103921 -2.4795e-05 6.94681e-07 
79.3797 0.000945814 0.000993126 0.0019264 -6.12528e-06 0.000939765 -2.14265e-05 5.72062e-07 
81.0127 0.000847199 0.000905627 0.00175345 -4.14475e-06 0.000853013 -1.81147e-05 4.73105e-07 
82.6456 0.000755539 0.000831641 0.00160803 -2.03773e-06 0.00077992 -1.48043e-05 3.94944e-07 
84.2785 0.000675335 0.000772126 0.00149206 2.07152e-07 0.000721663 -1.14688e-05 3.35395e-07 
85.9114 0.000610047 0.000728049 0.00140746 2.56517e-06 0.000679442 -8.1173e-06 2.92782e-07 
87.5443 0.000558287 0.000700163 0.0013556 4.97154e-06 0.00065421 -4.79937e-06 2.65748e-07 
89.1772 0.000521843 0.000688738 0.00133681 7.32089e-06 0.000646388 -1.60455e-06 2.53056e-07 
90.8101 0.000509711 0.000693325 0.0013499 9.47476e-06 0.000655558 1.34372e-06 2.53366e-07 
92.443 0.000532281 0.000712526 0.00139176 1.12753e-05 0.000680237 3.90101e-06 2.65042e-07 
94.0759 0.000582859 0.000743874 0.00145716 1.25653e-05 0.000717743 5.92045e-06 2.85976e-07 
95.7089 0.000654772 0.000783885 0.0015389 1.32115e-05 0.000764245 7.27452e-06 3.13516e-07 
97.3418 0.000748505 0.000828199 0.00162819 1.31272e-05 0.000814966 7.87648e-06 3.44493e-07 
98.9747 0.000858255 0.000871925 0.00171532 1.22884e-05 0.000864582 7.6974e-06 3.75383e-07 
100.608 0.000968631 0.000910112 0.00179056 1.07435e-05 0.000907712 6.77506e-06 4.02591e-07 
102.241 0.00105354 0.000938225 0.00184508 8.60924e-06 0.000939474 5.21288e-06 4.22816e-07 
103.873 0.00109917 0.00095256 0.00187183 6.0576e-06 0.000955975 3.16868e-06 4.33429e-07 
105.506 0.00110975 0.000950661 0.00186614 3.29371e-06 0.000954688 8.35506e-07 4.32783e-07 
107.139 0.00109339 0.000931449 0.00182613 5.30217e-07 0.000934639 -1.58211e-06 4.20403e-07 
108.772 0.00104861 0.000895298 0.00175261 -2.03805e-06 0.000896391 -3.89181e-06 3.97002e-07 
110.405 0.000966372 0.000843804 0.00164883 -4.2545e-06 0.000841849 -5.9334e-06 3.64319e-07 
112.038 0.000856249 0.000779539 0.00151991 -6.01336e-06 0.000773926 -7.59202e-06 3.24832e-07 
113.671 0.000737357 0.000705711 0.00137211 -7.26387e-06 0.000696151 -8.80348e-06 2.81395e-07 
115.304 0.000630297 0.000625743 0.00121219 -8.00626e-06 0.000612248 -9.55222e-06 2.36853e-07 
116.937 0.000535947 0.000542975 0.0010467 -8.28214e-06 0.000525796 -9.86361e-06 1.93728e-07 
118.57 0.000440845 0.000460393 0.000881544 -8.16158e-06 0.000439958 -9.7929e-06 1.54008e-07 
120.203 0.000337763 0.00038048 0.000721652 -7.72993e-06 0.000357316 -9.41314e-06 1.19039e-07 
121.835 0.000236241 0.000305128 0.000570789 -7.07626e-06 0.000279803 -8.80408e-06 8.95312e-08 
123.468 0.000158021 0.000235641 0.000431578 -6.2843e-06 0.000208714 -8.04311e-06 6.56341e-08 
125.101 0.000107732 0.00017278 0.000305583 -5.42638e-06 0.00014477 -7.19883e-06 4.70668e-08 
126.734 7.18502e-05 0.000116864 0.00019347 -4.56005e-06 8.82234e-05 -6.32759e-06 3.3258e-08 
128.367 3.1308e-05 6.78622e-05 9.52037e-05 -3.72726e-06 3.89662e-05 -5.47236e-06 2.34795e-08 
130 -2.29333e-05 2.54802e-05 1.02267e-05 -2.9558e-06 -3.36429e-06 -4.66356e-06 1.69561e-08 
