1 0.0792699 -0.0422225 -0.0134134
3.63265 0.828157 -0.702051 -0.0557877
6.26531 0.62469 -0.12887 -0.137527
8.89796 0.391329 -0.104449 -0.00103331
11.5306 0.252885 -0.12178 0.013017
14.1633 0.173739 -0.114976 0.0121602
16.7959 0.125809 -0.0993978 0.0114252
19.4286 0.0944987 -0.084066 0.0103236
22.0612 0.0728611 -0.0712566 0.00901018
24.6939 0.0573004 -0.0609553 0.00778065
27.3265 0.0457484 -0.0526164 0.00665343
29.9592 0.0369849 -0.0458439 0.00572126
32.5918 0.0302057 -0.0402614 0.00494615
35.2245 0.0248767 -0.0355984 0.00429274
37.8571 0.0206422 -0.0316827 0.0037704
40.4898 0.0172314 -0.0283406 0.00332546
43.1224 0.0144622 -0.0254738 0.00295661
45.7551 0.0121954 -0.0229956 0.00264948
48.3878 0.0103225 -0.0208304 0.00238105
51.0204 0.00876983 -0.0189398 0.00216051
53.6531 0.00747078 -0.0172706 0.00196611
56.2857 0.00637888 -0.0157923 0.00179686
58.9184 0.00545774 -0.0144814 0.00165365
61.551 0.00467434 -0.0133067 0.00152276
64.1837 0.0040078 -0.0122563 0.00141228
66.8163 0.00343731 -0.0113079 0.0013139
69.449 0.00294803 -0.0104452 0.00122534
72.0816 0.00253129 -0.00965865 0.00115107
74.7143 0.00217733 -0.0089292 0.00108134
77.3469 0.00188339 -0.00825089 0.00101986
79.9796 0.00164685 -0.0076153 0.000962504
82.6122 0.00146595 -0.0070178 0.000904713
85.2449 0.00134198 -0.0064645 0.000851544
87.8776 0.00127049 -0.00595438 0.000797271
90.5102 0.00124739 -0.0054943 0.000745592
93.1429 0.00126316 -0.00508707 0.000698274
95.7755 0.00130242 -0.00472921 0.000653435
98.4082 0.00134842 -0.00441846 0.000615178
101.041 0.00138154 -0.00414503 0.000579968
103.673 0.00138491 -0.00390062 0.000547929
106.306 0.0013483 -0.00368069 0.000519641
108.939 0.00126761 -0.00348091 0.000492981
111.571 0.00114694 -0.00330276 0.000469893
114.204 0.000995254 -0.00314816 0.000448453
116.837 0.000823618 -0.00302218 0.000424823
119.469 0.000641123 -0.00293688 0.000400617
122.102 0.000447544 -0.00290012 0.000398066
124.735 0.000237136 -0.00288558 0.000502882
127.367 1.18198e-05 -0.00273126 0.000750024
130 -0.000110738 -0.00221402 0.000668809
