0.000488281250000000	1537.98900000000
0.000976562500000000	2924.34400000000
0.00146484375000000	4210.69900000000
0.00195312500000000	5406.03900000000
0.00244140625000000	6515.84700000000
0.00292968750000000	7545.10800000000
0.00341796875000000	8498.49800000000
0.00390625000000000	9380.44300000000
0.00439453125000000	10195.3400000000
0.00488281250000000	10947.0400000000
0.00537109375000000	11639.3900000000
0.00585937500000000	12275.8600000000
0.00634765625000000	12859.6500000000
0.00683593750000000	13393.8700000000
0.00732421875000000	13881.3700000000
0.00781250000000000	14324.6800000000
0.00830078125000000	14726.2900000000
0.00878906250000000	15088.3700000000
0.00927734375000000	15413.1100000000
0.00976562500000000	15702.4600000000
0.0102539062500000	15958.4600000000
0.0107421875000000	16182.7500000000
0.0112304687500000	16376.9400000000
0.0117187500000000	16542.6700000000
0.0122070312500000	16681.4100000000
0.0126953125000000	16794.6600000000
0.0131835937500000	16883.8600000000
0.0136718750000000	16950.1800000000
0.0141601562500000	16994.8900000000
0.0146484375000000	17019.2000000000
0.0151367187500000	17024.3100000000
0.0156250000000000	17011.3100000000
0.0161132812500000	16981.1600000000
0.0166015625000000	16935.2300000000
0.0170898437500000	16874.2200000000
0.0175781250000000	16799.3100000000
0.0180664062500000	16711.2700000000
0.0185546875000000	16611.1800000000
0.0190429687500000	16499.8000000000
0.0195312500000000	16377.9500000000
0.0200195312500000	16246.5600000000
0.0205078125000000	16106.2600000000
0.0209960937500000	15958.0700000000
0.0214843750000000	15802.5500000000
0.0219726562500000	15640.5000000000
0.0224609375000000	15472.7300000000
0.0229492187500000	15299.7000000000
0.0234375000000000	15122.1900000000
0.0239257812500000	14940.7000000000
0.0244140625000000	14755.9400000000
0.0249023437500000	14568.2500000000
0.0253906250000000	14378.3000000000
0.0258789062500000	14186.6700000000
0.0263671875000000	13993.8400000000
0.0268554687500000	13800.1900000000
0.0273437500000000	13606.1100000000
0.0278320312500000	13412.1100000000
0.0283203125000000	13218.5200000000
0.0288085937500000	13025.7900000000
0.0292968750000000	12834.2100000000
0.0297851562500000	12644.0700000000
0.0302734375000000	12455.6100000000
0.0307617187500000	12269.2800000000
0.0312500000000000	12085.1300000000
0.0317382812500000	11903.5300000000
0.0322265625000000	11724.6100000000
0.0327148437500000	11548.5700000000
0.0332031250000000	11375.7000000000
0.0336914062500000	11205.9200000000
0.0341796875000000	11039.5800000000
0.0346679687500000	10876.6400000000
0.0351562500000000	10717.3200000000
0.0356445312500000	10561.5800000000
0.0361328125000000	10409.7300000000
0.0366210937500000	10261.6000000000
0.0371093750000000	10117.3200000000
0.0375976562500000	9976.87300000000
0.0380859375000000	9840.33900000000
0.0385742187500000	9707.59800000000
0.0390625000000000	9578.82900000000
0.0395507812500000	9453.88100000000
0.0400390625000000	9332.79800000000
0.0405273437500000	9215.54300000000
0.0410156250000000	9102.12200000000
0.0415039062500000	8992.40400000000
0.0419921875000000	8886.24700000000
0.0424804687500000	8783.66500000000
0.0429687500000000	8684.69500000000
0.0434570312500000	8589.10200000000
0.0439453125000000	8496.99800000000
0.0444335937500000	8408.10900000000
0.0449218750000000	8322.53300000000
0.0454101562500000	8239.98700000000
0.0458984375000000	8160.45700000000
0.0463867187500000	8083.83100000000
0.0468750000000000	8009.95900000000
0.0473632812500000	7938.78200000000
0.0478515625000000	7870.23500000000
0.0483398437500000	7804.22300000000
0.0488281250000000	7740.50700000000
0.0493164062500000	7679.21600000000
0.0498046875000000	7619.98900000000
0.0502929687500000	7562.81400000000
0.0507812500000000	7507.49900000000
0.0512695312500000	7453.97200000000
0.0517578125000000	7402.11400000000
0.0522460937500000	7351.92100000000
0.0527343750000000	7303.17200000000
0.0532226562500000	7255.77200000000
0.0537109375000000	7209.62800000000
0.0541992187500000	7164.59900000000
0.0546875000000000	7120.57500000000
0.0551757812500000	7077.49800000000
0.0556640625000000	7035.24300000000
0.0561523437500000	6993.69200000000
0.0566406250000000	6952.79800000000
0.0571289062500000	6912.44200000000
0.0576171875000000	6872.53200000000
0.0581054687500000	6832.97400000000
0.0585937500000000	6793.68500000000
0.0590820312500000	6754.58400000000
0.0595703125000000	6715.56200000000
0.0600585937500000	6676.59200000000
0.0605468750000000	6637.59800000000
0.0610351562500000	6598.49200000000
0.0615234375000000	6559.18500000000
0.0620117187500000	6519.69000000000
0.0625000000000000	6479.87600000000
0.0629882812500000	6439.73300000000
0.0634765625000000	6399.24900000000
0.0639648437500000	6358.34000000000
0.0644531250000000	6316.96700000000
0.0649414062500000	6275.06300000000
0.0654296875000000	6232.68400000000
0.0659179687500000	6189.74600000000
0.0664062500000000	6146.22600000000
0.0668945312500000	6102.22400000000
0.0673828125000000	6057.52100000000
0.0678710937500000	6012.26900000000
0.0683593750000000	5966.45400000000
0.0688476562500000	5919.93100000000
0.0693359375000000	5872.88000000000
0.0698242187500000	5825.27400000000
0.0703125000000000	5777.03700000000
0.0708007812500000	5728.32600000000
0.0712890625000000	5679.15100000000
0.0717773437500000	5629.42100000000
0.0722656250000000	5579.23800000000
0.0727539062500000	5528.63100000000
0.0732421875000000	5477.60000000000
0.0737304687500000	5426.15400000000
0.0742187500000000	5374.43100000000
0.0747070312500000	5322.40500000000
0.0751953125000000	5270.11500000000
0.0756835937500000	5217.56100000000
0.0761718750000000	5164.78500000000
0.0766601562500000	5111.83000000000
0.0771484375000000	5058.76500000000
0.0776367187500000	5005.60900000000
0.0781250000000000	4952.48400000000
0.0786132812500000	4899.32000000000
0.0791015625000000	4846.24800000000
0.0795898437500000	4793.27900000000
0.0800781250000000	4740.45900000000
0.0805664062500000	4687.86800000000
0.0810546875000000	4635.49200000000
0.0815429687500000	4583.45500000000
0.0820312500000000	4531.74100000000
0.0825195312500000	4480.41000000000
0.0830078125000000	4429.47900000000
0.0834960937500000	4379.00600000000
0.0839843750000000	4329.05200000000
0.0844726562500000	4279.64000000000
0.0849609375000000	4230.78400000000
0.0854492187500000	4182.50800000000
0.0859375000000000	4134.89200000000
0.0864257812500000	4087.97300000000
0.0869140625000000	4041.77600000000
0.0874023437500000	3996.31800000000
0.0878906250000000	3951.63400000000
0.0883789062500000	3907.73200000000
0.0888671875000000	3864.61200000000
0.0893554687500000	3822.35600000000
0.0898437500000000	3780.95000000000
0.0903320312500000	3740.38800000000
0.0908203125000000	3700.68200000000
0.0913085937500000	3661.88100000000
0.0917968750000000	3623.93600000000
0.0922851562500000	3586.85400000000
0.0927734375000000	3550.69100000000
0.0932617187500000	3515.41800000000
0.0937500000000000	3481.08600000000
0.0942382812500000	3447.64900000000
0.0947265625000000	3415.12300000000
0.0952148437500000	3383.49900000000
0.0957031250000000	3352.77700000000
0.0961914062500000	3323.01000000000
0.0966796875000000	3294.15000000000
0.0971679687500000	3266.27800000000
0.0976562500000000	3239.28000000000
0.0981445312500000	3213.09800000000
0.0986328125000000	3187.78800000000
0.0991210937500000	3163.31000000000
0.0996093750000000	3139.61200000000
0.100097656250000	3116.69200000000
0.100585937500000	3094.54800000000
0.101074218750000	3073.15200000000
0.101562500000000	3052.48700000000
0.102050781250000	3032.55600000000
0.102539062500000	3013.27800000000
0.103027343750000	2994.84200000000
0.103515625000000	2977.00500000000
0.104003906250000	2959.86100000000
0.104492187500000	2943.34300000000
0.104980468750000	2927.39300000000
0.105468750000000	2912.00300000000
0.105957031250000	2897.16100000000
0.106445312500000	2882.76900000000
0.106933593750000	2868.97200000000
0.107421875000000	2855.62900000000
0.107910156250000	2842.67800000000
0.108398437500000	2830.08700000000
0.108886718750000	2817.85000000000
0.109375000000000	2805.96800000000
0.109863281250000	2794.39500000000
0.110351562500000	2783.19900000000
0.110839843750000	2772.22500000000
0.111328125000000	2761.48400000000
0.111816406250000	2750.96700000000
0.112304687500000	2740.64100000000
0.112792968750000	2730.50900000000
0.113281250000000	2720.53400000000
0.113769531250000	2710.65200000000
0.114257812500000	2700.85800000000
0.114746093750000	2691.14600000000
0.115234375000000	2681.47700000000
0.115722656250000	2671.81700000000
0.116210937500000	2662.14700000000
0.116699218750000	2652.46000000000
0.117187500000000	2642.74800000000
0.117675781250000	2632.95200000000
0.118164062500000	2623.07800000000
0.118652343750000	2613.10500000000
0.119140625000000	2603.02000000000
0.119628906250000	2592.78500000000
0.120117187500000	2582.37800000000
0.120605468750000	2571.85600000000
0.121093750000000	2561.20000000000
0.121582031250000	2550.34300000000
0.122070312500000	2539.27600000000
0.122558593750000	2528.04900000000
0.123046875000000	2516.64200000000
0.123535156250000	2504.98900000000
0.124023437500000	2493.11800000000
0.124511718750000	2481.04500000000
0.125000000000000	2468.76500000000
0.125488281250000	2456.22800000000
0.125976562500000	2443.40400000000
0.126464843750000	2430.37200000000
0.126953125000000	2417.14000000000
0.127441406250000	2403.58500000000
0.127929687500000	2389.83400000000
0.128417968750000	2375.90900000000
0.128906250000000	2361.77600000000
0.129394531250000	2347.37600000000
0.129882812500000	2332.81600000000
0.130371093750000	2318.10700000000
0.130859375000000	2303.15300000000
0.131347656250000	2288.03800000000
0.131835937500000	2272.77600000000
0.132324218750000	2257.32400000000
0.132812500000000	2241.74400000000
0.133300781250000	2226.04200000000
0.133789062500000	2210.14000000000
0.134277343750000	2194.13100000000
0.134765625000000	2178.03800000000
0.135253906250000	2161.83100000000
0.135742187500000	2145.56400000000
0.136230468750000	2129.24900000000
0.136718750000000	2112.86700000000
0.137207031250000	2096.44800000000
0.137695312500000	2080.02000000000
0.138183593750000	2063.58600000000
0.138671875000000	2047.16700000000
0.139160156250000	2030.76800000000
0.139648437500000	2014.40000000000
0.140136718750000	1998.09100000000
0.140625000000000	1981.82700000000
0.141113281250000	1965.63800000000
0.141601562500000	1949.54700000000
0.142089843750000	1933.52200000000
0.142578125000000	1917.62600000000
0.143066406250000	1901.85800000000
0.143554687500000	1886.17700000000
0.144042968750000	1870.69800000000
0.144531250000000	1855.34900000000
0.145019531250000	1840.12000000000
0.145507812500000	1825.15400000000
0.145996093750000	1810.32200000000
0.146484375000000	1795.70500000000
0.146972656250000	1781.33400000000
0.147460937500000	1767.09600000000
0.147949218750000	1753.16300000000
0.148437500000000	1739.42700000000
0.148925781250000	1725.86700000000
0.149414062500000	1712.65800000000
0.149902343750000	1699.59800000000
0.150390625000000	1686.84100000000
0.150878906250000	1674.34000000000
0.151367187500000	1661.99000000000
0.151855468750000	1650.04600000000
0.152343750000000	1638.25200000000
0.152832031250000	1626.76000000000
0.153320312500000	1615.54900000000
0.153808593750000	1604.48900000000
0.154296875000000	1593.85400000000
0.154785156250000	1583.36500000000
0.155273437500000	1573.21000000000
0.155761718750000	1563.32200000000
0.156250000000000	1553.61900000000
0.156738281250000	1544.30800000000
0.157226562500000	1535.12700000000
0.157714843750000	1526.32700000000
0.158203125000000	1517.70600000000
0.158691406250000	1509.30400000000
0.159179687500000	1501.20500000000
0.159667968750000	1493.22300000000
0.160156250000000	1485.64000000000
0.160644531250000	1478.15100000000
0.161132812500000	1470.95300000000
0.161621093750000	1463.93600000000
0.162109375000000	1457.12200000000
0.162597656250000	1450.56700000000
0.163085937500000	1444.12200000000
0.163574218750000	1437.99200000000
0.164062500000000	1431.93100000000
0.164550781250000	1426.14400000000
0.165039062500000	1420.46200000000
0.165527343750000	1414.98700000000
0.166015625000000	1409.64800000000
0.166503906250000	1404.43200000000
0.166992187500000	1399.39200000000
0.167480468750000	1394.42400000000
0.167968750000000	1389.64900000000
0.168457031250000	1384.90700000000
0.168945312500000	1380.34400000000
0.169433593750000	1375.81700000000
0.169921875000000	1371.43400000000
0.170410156250000	1367.09800000000
0.170898437500000	1362.85100000000
0.171386718750000	1358.66100000000
0.171875000000000	1354.53200000000
0.172363281250000	1350.45900000000
0.172851562500000	1346.42400000000
0.173339843750000	1342.43200000000
0.173828125000000	1338.45800000000
0.174316406250000	1334.51400000000
0.174804687500000	1330.57800000000
0.175292968750000	1326.65100000000
0.175781250000000	1322.72600000000
0.176269531250000	1318.78600000000
0.176757812500000	1314.84400000000
0.177246093750000	1310.86500000000
0.177734375000000	1306.87700000000
0.178222656250000	1302.83300000000
0.178710937500000	1298.77500000000
0.179199218750000	1294.65000000000
0.179687500000000	1290.50500000000
0.180175781250000	1286.28900000000
0.180664062500000	1282.04600000000
0.181152343750000	1277.72200000000
0.181640625000000	1273.36800000000
0.182128906250000	1268.93400000000
0.182617187500000	1264.46000000000
0.183105468750000	1259.88500000000
0.183593750000000	1255.27100000000
0.184082031250000	1250.55900000000
0.184570312500000	1245.80600000000
0.185058593750000	1240.94600000000
0.185546875000000	1236.04300000000
0.186035156250000	1231.01100000000
0.186523437500000	1225.94700000000
0.187011718750000	1220.76900000000
0.187500000000000	1215.56200000000
0.187988281250000	1210.23100000000
0.188476562500000	1204.88100000000
0.188964843750000	1199.40500000000
0.189453125000000	1193.92200000000
0.189941406250000	1188.31400000000
0.190429687500000	1182.70600000000
0.190917968750000	1176.97700000000
0.191406250000000	1171.24600000000
0.191894531250000	1165.39300000000
0.192382812500000	1159.52500000000
0.192871093750000	1153.57500000000
0.193359375000000	1147.60500000000
0.193847656250000	1141.56100000000
0.194335937500000	1135.48400000000
0.194824218750000	1129.36700000000
0.195312500000000	1123.22000000000
0.195800781250000	1117.04800000000
0.196289062500000	1110.84300000000
0.196777343750000	1104.62400000000
0.197265625000000	1098.37300000000
0.197753906250000	1092.12000000000
0.198242187500000	1085.85600000000
0.198730468750000	1079.59200000000
0.199218750000000	1073.32800000000
0.199707031250000	1067.06500000000
0.200195312500000	1060.81700000000
0.200683593750000	1054.57200000000
0.201171875000000	1048.34900000000
0.201660156250000	1042.13900000000
0.202148437500000	1035.95200000000
0.202636718750000	1029.80000000000
0.203125000000000	1023.66200000000
0.203613281250000	1017.58200000000
0.204101562500000	1011.50200000000
0.204589843750000	1005.52400000000
0.205078125000000	999.550300000000
0.205566406250000	993.655000000000
0.206054687500000	987.790300000000
0.206542968750000	981.992000000000
0.207031250000000	976.268500000000
0.207519531250000	970.574400000000
0.208007812500000	964.992600000000
0.208496093750000	959.410800000000
0.208984375000000	953.980000000000
0.209472656250000	948.559800000000
0.209960937500000	943.248700000000
0.210449218750000	937.996500000000
0.210937500000000	932.806900000000
0.211425781250000	927.732800000000
0.211914062500000	922.666700000000
0.212402343750000	917.784600000000
0.212890625000000	912.902500000000
0.213378906250000	908.156100000000
0.213867187500000	903.463300000000
0.214355468750000	898.848000000000
0.214843750000000	894.357900000000
0.215332031250000	889.875200000000
0.215820312500000	885.595000000000
0.216308593750000	881.314900000000
0.216796875000000	877.166500000000
0.217285156250000	873.081900000000
0.217773437500000	869.057400000000
0.218261718750000	865.171800000000
0.218750000000000	861.286200000000
0.219238281250000	857.575200000000
0.219726562500000	853.880100000000
0.220214843750000	850.282700000000
0.220703125000000	846.776200000000
0.221191406250000	843.288300000000
0.221679687500000	839.958400000000
0.222167968750000	836.628500000000
0.222656250000000	833.420900000000
0.223144531250000	830.270000000000
0.223632812500000	827.159500000000
0.224121093750000	824.172800000000
0.224609375000000	821.186200000000
0.225097656250000	818.312500000000
0.225585937500000	815.468100000000
0.226074218750000	812.670100000000
0.226562500000000	809.965400000000
0.227050781250000	807.260700000000
0.227539062500000	804.654500000000
0.228027343750000	802.065100000000
0.228515625000000	799.515000000000
0.229003906250000	797.033100000000
0.229492187500000	794.551200000000
0.229980468750000	792.150900000000
0.230468750000000	789.763500000000
0.230957031250000	787.402200000000
0.231445312500000	785.090200000000
0.231933593750000	782.778200000000
0.232421875000000	780.516300000000
0.232910156250000	778.265700000000
0.233398437500000	776.028200000000
0.233886718750000	773.825400000000
0.234375000000000	771.622500000000
0.234863281250000	769.439900000000
0.235351562500000	767.265300000000
0.235839843750000	765.092700000000
0.236328125000000	762.931500000000
0.236816406250000	760.770400000000
0.237304687500000	758.610500000000
0.237792968750000	756.451700000000
0.238281250000000	754.292900000000
0.238769531250000	752.121500000000
0.239257812500000	749.949700000000
0.239746093750000	747.771600000000
0.240234375000000	745.581800000000
0.240722656250000	743.392100000000
0.241210937500000	741.178800000000
0.241699218750000	738.956600000000
0.242187500000000	736.731200000000
0.242675781250000	734.470700000000
0.243164062500000	732.210200000000
0.243652343750000	729.928300000000
0.244140625000000	727.618000000000
0.244628906250000	725.307800000000
0.245117187500000	722.955800000000
0.245605468750000	720.590600000000
0.246093750000000	718.221200000000
0.246582031250000	715.800700000000
0.247070312500000	713.380200000000
0.247558593750000	710.939100000000
0.248046875000000	708.464300000000
0.248535156250000	705.989500000000
0.249023437500000	703.478200000000
0.249511718750000	700.948800000000
0.250000000000000	698.419400000000
0.250488281250000	695.839500000000
0.250976562500000	693.256600000000
0.251464843750000	690.663700000000
0.251953125000000	688.031400000000
0.252441406250000	685.399100000000
0.252929687500000	682.745400000000
0.253417968750000	680.064900000000
0.253906250000000	677.384400000000
0.254394531250000	674.677000000000
0.254882812500000	671.956600000000
0.255371093750000	669.236200000000
0.255859375000000	666.492700000000
0.256347656250000	663.746400000000
0.256835937500000	660.998100000000
0.257324218750000	658.229300000000
0.257812500000000	655.460600000000
0.258300781250000	652.689000000000
0.258789062500000	649.909800000000
0.259277343750000	647.130700000000
0.259765625000000	644.349700000000
0.260253906250000	641.566200000000
0.260742187500000	638.782700000000
0.261230468750000	636.005200000000
0.261718750000000	633.231600000000
0.262207031250000	630.458000000000
0.262695312500000	627.697800000000
0.263183593750000	624.942200000000
0.263671875000000	622.186700000000
0.264160156250000	619.458500000000
0.264648437500000	616.734500000000
0.265136718750000	614.010600000000
0.265625000000000	611.324800000000
0.266113281250000	608.640000000000
0.266601562500000	605.958800000000
0.267089843750000	603.325900000000
0.267578125000000	600.693100000000
0.268066406250000	598.068400000000
0.268554687500000	595.492000000000
0.269042968750000	592.915600000000
0.269531250000000	590.352900000000
0.270019531250000	587.842300000000
0.270507812500000	585.331800000000
0.270996093750000	582.839600000000
0.271484375000000	580.401500000000
0.271972656250000	577.963300000000
0.272460937500000	575.547600000000
0.272949218750000	573.188200000000
0.273437500000000	570.828900000000
0.273925781250000	568.493900000000
0.274414062500000	566.216000000000
0.274902343750000	563.938100000000
0.275390625000000	561.686700000000
0.275878906250000	559.497400000000
0.276367187500000	557.308000000000
0.276855468750000	555.143400000000
0.277343750000000	553.041900000000
0.277832031250000	550.940300000000
0.278320312500000	548.859300000000
0.278808593750000	546.841200000000
0.279296875000000	544.823000000000
0.279785156250000	542.822100000000
0.280273437500000	540.891600000000
0.280761718750000	538.961100000000
0.281250000000000	537.041800000000
0.281738281250000	535.196200000000
0.282226562500000	533.350600000000
0.282714843750000	531.509000000000
0.283203125000000	529.744600000000
0.283691406250000	527.980100000000
0.284179687500000	526.215700000000
0.284667968750000	524.523700000000
0.285156250000000	522.835500000000
0.285644531250000	521.147200000000
0.286132812500000	519.516800000000
0.286621093750000	517.897700000000
0.287109375000000	516.278600000000
0.287597656250000	514.705100000000
0.288085937500000	513.150900000000
0.288574218750000	511.596800000000
0.289062500000000	510.073900000000
0.289550781250000	508.576200000000
0.290039062500000	507.078600000000
0.290527343750000	505.600700000000
0.291015625000000	504.154100000000
0.291503906250000	502.707600000000
0.291992187500000	501.269400000000
0.292480468750000	499.864100000000
0.292968750000000	498.458700000000
0.293457031250000	497.053500000000
0.293945312500000	495.682200000000
0.294433593750000	494.310900000000
0.294921875000000	492.939500000000
0.295410156250000	491.588200000000
0.295898437500000	490.242300000000
0.296386718750000	488.896400000000
0.296875000000000	487.561400000000
0.297363281250000	486.235000000000
0.297851562500000	484.908600000000
0.298339843750000	483.586100000000
0.298828125000000	482.272700000000
0.299316406250000	480.959300000000
0.299804687500000	479.646000000000
0.300292968750000	478.336100000000
0.300781250000000	477.026100000000
0.301269531250000	475.716200000000
0.301757812500000	474.407500000000
0.302246093750000	473.099200000000
0.302734375000000	471.791000000000
0.303222656250000	470.480000000000
0.303710937500000	469.165900000000
0.304199218750000	467.851700000000
0.304687500000000	466.536300000000
0.305175781250000	465.212100000000
0.305664062500000	463.887900000000
0.306152343750000	462.563700000000
0.306640625000000	461.230000000000
0.307128906250000	459.893700000000
0.307617187500000	458.557500000000
0.308105468750000	457.215400000000
0.308593750000000	455.865400000000
0.309082031250000	454.515400000000
0.309570312500000	453.164800000000
0.310058593750000	451.801400000000
0.310546875000000	450.438100000000
0.311035156250000	449.074800000000
0.311523437500000	447.700200000000
0.312011718750000	446.319700000000
0.312500000000000	444.939200000000
0.312988281250000	443.555400000000
0.313476562500000	442.161100000000
0.313964843750000	440.766900000000
0.314453125000000	439.372600000000
0.314941406250000	437.970200000000
0.315429687500000	436.566100000000
0.315917968750000	435.161900000000
0.316406250000000	433.754400000000
0.316894531250000	432.341300000000
0.317382812500000	430.928200000000
0.317871093750000	429.515100000000
0.318359375000000	428.098200000000
0.318847656250000	426.680900000000
0.319335937500000	425.263700000000
0.319824218750000	423.846300000000
0.320312500000000	422.429000000000
0.320800781250000	421.011600000000
0.321289062500000	419.594200000000
0.321777343750000	418.179600000000
0.322265625000000	416.765300000000
0.322753906250000	415.351000000000
0.323242187500000	413.940200000000
0.323730468750000	412.535000000000
0.324218750000000	411.129800000000
0.324707031250000	409.724500000000
0.325195312500000	408.330300000000
0.325683593750000	406.938100000000
0.326171875000000	405.545900000000
0.326660156250000	404.159400000000
0.327148437500000	402.787000000000
0.327636718750000	401.414500000000
0.328125000000000	400.042100000000
0.328613281250000	398.684900000000
0.329101562500000	397.333800000000
0.329589843750000	395.982700000000
0.330078125000000	394.634700000000
0.330566406250000	393.310400000000
0.331054687500000	391.986100000000
0.331542968750000	390.661900000000
0.332031250000000	389.353100000000
0.332519531250000	388.060000000000
0.333007812500000	386.767000000000
0.333496093750000	385.473900000000
0.333984375000000	384.211200000000
0.334472656250000	382.953500000000
0.334960937500000	381.695900000000
0.335449218750000	380.445200000000
0.335937500000000	379.222200000000
0.336425781250000	377.999300000000
0.336914062500000	376.776400000000
0.337402343750000	375.573300000000
0.337890625000000	374.388200000000
0.338378906250000	373.203100000000
0.338867187500000	372.018100000000
0.339355468750000	370.865400000000
0.339843750000000	369.719400000000
0.340332031250000	368.573400000000
0.340820312500000	367.431800000000
0.341308593750000	366.324200000000
0.341796875000000	365.216600000000
0.342285156250000	364.109000000000
0.342773437500000	363.015700000000
0.343261718750000	361.946000000000
0.343750000000000	360.876200000000
0.344238281250000	359.806400000000
0.344726562500000	358.759800000000
0.345214843750000	357.727100000000
0.345703125000000	356.694400000000
0.346191406250000	355.661700000000
0.346679687500000	354.657800000000
0.347167968750000	353.659000000000
0.347656250000000	352.660300000000
0.348144531250000	351.663300000000
0.348632812500000	350.697900000000
0.349121093750000	349.732500000000
0.349609375000000	348.767100000000
0.350097656250000	347.808900000000
0.350585937500000	346.873600000000
0.351074218750000	345.938200000000
0.351562500000000	345.002900000000
0.352050781250000	344.077800000000
0.352539062500000	343.168100000000
0.353027343750000	342.258300000000
0.353515625000000	341.348600000000
0.354003906250000	340.451100000000
0.354492187500000	339.563800000000
0.354980468750000	338.676600000000
0.355468750000000	337.789300000000
0.355957031250000	336.915000000000
0.356445312500000	336.047200000000
0.356933593750000	335.179400000000
0.357421875000000	334.311700000000
0.357910156250000	333.456100000000
0.358398437500000	332.604300000000
0.358886718750000	331.752500000000
0.359375000000000	330.900700000000
0.359863281250000	330.058800000000
0.360351562500000	329.218600000000
0.360839843750000	328.378400000000
0.361328125000000	327.538200000000
0.361816406250000	326.706200000000
0.362304687500000	325.875000000000
0.362792968750000	325.043800000000
0.363281250000000	324.212600000000
0.363769531250000	323.387300000000
0.364257812500000	322.562400000000
0.364746093750000	321.737500000000
0.365234375000000	320.912500000000
0.365722656250000	320.091400000000
0.366210937500000	319.270500000000
0.366699218750000	318.449500000000
0.367187500000000	317.628500000000
0.367675781250000	316.809800000000
0.368164062500000	315.991200000000
0.368652343750000	315.172600000000
0.369140625000000	314.354000000000
0.369628906250000	313.536000000000
0.370117187500000	312.718000000000
0.370605468750000	311.900000000000
0.371093750000000	311.081900000000
0.371582031250000	310.263800000000
0.372070312500000	309.445700000000
0.372558593750000	308.627500000000
0.373046875000000	307.809400000000
0.373535156250000	306.991400000000
0.374023437500000	306.173400000000
0.374511718750000	305.355400000000
0.375000000000000	304.537400000000
0.375488281250000	303.719400000000
0.375976562500000	302.901500000000
0.376464843750000	302.083500000000
0.376953125000000	301.265600000000
0.377441406250000	300.448300000000
0.377929687500000	299.631400000000
0.378417968750000	298.814500000000
0.378906250000000	297.997700000000
0.379394531250000	297.181600000000
0.379882812500000	296.366200000000
0.380371093750000	295.550900000000
0.380859375000000	294.735600000000
0.381347656250000	293.921400000000
0.381835937500000	293.109600000000
0.382324218750000	292.297800000000
0.382812500000000	291.486000000000
0.383300781250000	290.675000000000
0.383789062500000	289.868800000000
0.384277343750000	289.062600000000
0.384765625000000	288.256400000000
0.385253906250000	287.450200000000
0.385742187500000	286.651900000000
0.386230468750000	285.854100000000
0.386718750000000	285.056300000000
0.387207031250000	284.258500000000
0.387695312500000	283.466400000000
0.388183593750000	282.676500000000
0.388671875000000	281.886700000000
0.389160156250000	281.096800000000
0.389648437500000	280.312700000000
0.390136718750000	279.535000000000
0.390625000000000	278.757200000000
0.391113281250000	277.979500000000
0.391601562500000	277.204600000000
0.392089843750000	276.440800000000
0.392578125000000	275.677000000000
0.393066406250000	274.913200000000
0.393554687500000	274.149400000000
0.394042968750000	273.398300000000
0.394531250000000	272.648400000000
0.395019531250000	271.898600000000
0.395507812500000	271.148700000000
0.395996093750000	270.408400000000
0.396484375000000	269.674400000000
0.396972656250000	268.940400000000
0.397460937500000	268.206500000000
0.397949218750000	267.477200000000
0.398437500000000	266.761000000000
0.398925781250000	266.044800000000
0.399414062500000	265.328700000000
0.399902343750000	264.612500000000
0.400390625000000	263.912500000000
0.400878906250000	263.214400000000
0.401367187500000	262.516200000000
0.401855468750000	261.818000000000
0.402343750000000	261.129500000000
0.402832031250000	260.449900000000
0.403320312500000	259.770400000000
0.403808593750000	259.090900000000
0.404296875000000	258.413300000000
0.404785156250000	257.751900000000
0.405273437500000	257.090400000000
0.405761718750000	256.429000000000
0.406250000000000	255.767600000000
0.406738281250000	255.117900000000
0.407226562500000	254.473900000000
0.407714843750000	253.829800000000
0.408203125000000	253.185700000000
0.408691406250000	252.545600000000
0.409179687500000	251.919100000000
0.409667968750000	251.292600000000
0.410156250000000	250.666000000000
0.410644531250000	250.039500000000
0.411132812500000	249.424500000000
0.411621093750000	248.813500000000
0.412109375000000	248.202500000000
0.412597656250000	247.591400000000
0.413085937500000	246.984100000000
0.413574218750000	246.388500000000
0.414062500000000	245.792900000000
0.414550781250000	245.197200000000
0.415039062500000	244.601600000000
0.415527343750000	244.015300000000
0.416015625000000	243.432700000000
0.416503906250000	242.850100000000
0.416992187500000	242.267500000000
0.417480468750000	241.686900000000
0.417968750000000	241.116900000000
0.418457031250000	240.546900000000
0.418945312500000	239.976900000000
0.419433593750000	239.406800000000
0.419921875000000	238.842600000000
0.420410156250000	238.282300000000
0.420898437500000	237.722100000000
0.421386718750000	237.161900000000
0.421875000000000	236.601600000000
0.422363281250000	236.049700000000
0.422851562500000	235.497800000000
0.423339843750000	234.945900000000
0.423828125000000	234.394000000000
0.424316406250000	233.845000000000
0.424804687500000	233.301100000000
0.425292968750000	232.757200000000
0.425781250000000	232.213300000000
0.426269531250000	231.669400000000
0.426757812500000	231.130100000000
0.427246093750000	230.592700000000
0.427734375000000	230.055300000000
0.428222656250000	229.518000000000
0.428710937500000	228.980800000000
0.429199218750000	228.448000000000
0.429687500000000	227.915200000000
0.430175781250000	227.382500000000
0.430664062500000	226.849700000000
0.431152343750000	226.318500000000
0.431640625000000	225.790300000000
0.432128906250000	225.262000000000
0.432617187500000	224.733800000000
0.433105468750000	224.205600000000
0.433593750000000	223.680400000000
0.434082031250000	223.157100000000
0.434570312500000	222.633700000000
0.435058593750000	222.110400000000
0.435546875000000	221.587000000000
0.436035156250000	221.066500000000
0.436523437500000	220.546400000000
0.437011718750000	220.026300000000
0.437500000000000	219.506300000000
0.437988281250000	218.986500000000
0.438476562500000	218.469700000000
0.438964843750000	217.952800000000
0.439453125000000	217.436000000000
0.439941406250000	216.919200000000
0.440429687500000	216.403900000000
0.440917968750000	215.892200000000
0.441406250000000	215.380400000000
0.441894531250000	214.868700000000
0.442382812500000	214.357000000000
0.442871093750000	213.847100000000
0.443359375000000	213.339500000000
0.443847656250000	212.831900000000
0.444335937500000	212.324300000000
0.444824218750000	211.816700000000
0.445312500000000	211.312200000000
0.445800781250000	210.809600000000
0.446289062500000	210.307000000000
0.446777343750000	209.804400000000
0.447265625000000	209.301800000000
0.447753906250000	208.803700000000
0.448242187500000	208.307300000000
0.448730468750000	207.810800000000
0.449218750000000	207.314300000000
0.449707031250000	206.817900000000
0.450195312500000	206.326200000000
0.450683593750000	205.835500000000
0.451171875000000	205.344900000000
0.451660156250000	204.854200000000
0.452148437500000	204.363500000000
0.452636718750000	203.880600000000
0.453125000000000	203.398500000000
0.453613281250000	202.916500000000
0.454101562500000	202.434400000000
0.454589843750000	201.952400000000
0.455078125000000	201.476700000000
0.455566406250000	201.001400000000
0.456054687500000	200.526200000000
0.456542968750000	200.050900000000
0.457031250000000	199.575600000000
0.457519531250000	199.109500000000
0.458007812500000	198.643800000000
0.458496093750000	198.178000000000
0.458984375000000	197.712300000000
0.459472656250000	197.246500000000
0.459960937500000	196.789200000000
0.460449218750000	196.332300000000
0.460937500000000	195.875400000000
0.461425781250000	195.418500000000
0.461914062500000	194.961700000000
0.462402343750000	194.513200000000
0.462890625000000	194.065600000000
0.463378906250000	193.618000000000
0.463867187500000	193.170300000000
0.464355468750000	192.722700000000
0.464843750000000	192.283100000000
0.465332031250000	191.844900000000
0.465820312500000	191.406700000000
0.466308593750000	190.968400000000
0.466796875000000	190.530200000000
0.467285156250000	190.099500000000
0.467773437500000	189.671100000000
0.468261718750000	189.242700000000
0.468750000000000	188.814300000000
0.469238281250000	188.385900000000
0.469726562500000	187.963400000000
0.470214843750000	187.544200000000
0.470703125000000	187.124900000000
0.471191406250000	186.705700000000
0.471679687500000	186.286400000000
0.472167968750000	185.871800000000
0.472656250000000	185.461800000000
0.473144531250000	185.051800000000
0.473632812500000	184.641800000000
0.474121093750000	184.231800000000
0.474609375000000	183.824500000000
0.475097656250000	183.423100000000
0.475585937500000	183.021600000000
0.476074218750000	182.620200000000
0.476562500000000	182.218700000000
0.477050781250000	181.818300000000
0.477539062500000	181.425000000000
0.478027343750000	181.031800000000
0.478515625000000	180.638600000000
0.479003906250000	180.245400000000
0.479492187500000	179.852100000000
0.479980468750000	179.465400000000
0.480468750000000	179.079400000000
0.480957031250000	178.693400000000
0.481445312500000	178.307400000000
0.481933593750000	177.921500000000
0.482421875000000	177.539900000000
0.482910156250000	177.160900000000
0.483398437500000	176.781800000000
0.483886718750000	176.402800000000
0.484375000000000	176.023800000000
0.484863281250000	175.646900000000
0.485351562500000	175.274100000000
0.485839843750000	174.901300000000
0.486328125000000	174.528500000000
0.486816406250000	174.155700000000
0.487304687500000	173.783100000000
0.487792968750000	173.416100000000
0.488281250000000	173.049000000000
0.488769531250000	172.681900000000
0.489257812500000	172.314900000000
0.489746093750000	171.947800000000
0.490234375000000	171.584100000000
0.490722656250000	171.221900000000
0.491210937500000	170.859600000000
0.491699218750000	170.497400000000
0.492187500000000	170.135200000000
0.492675781250000	169.774500000000
0.493164062500000	169.417100000000
0.493652343750000	169.059700000000
0.494140625000000	168.702200000000
0.494628906250000	168.344800000000
0.495117187500000	167.987400000000
0.495605468750000	167.633900000000
0.496093750000000	167.280700000000
0.496582031250000	166.927500000000
0.497070312500000	166.574300000000
0.497558593750000	166.221100000000
0.498046875000000	165.870100000000
0.498535156250000	165.521200000000
0.499023437500000	165.172400000000
0.499511718750000	164.823600000000
0.500000000000000	164.474800000000
0.505211233288300	160.811600000000
0.510476780481400	157.196500000000
0.515797207664000	153.641300000000
0.521173086821200	150.159400000000
0.526604995899200	146.759500000000
0.532093518868000	143.443400000000
0.537639245784100	140.217500000000
0.543242772853500	137.075500000000
0.548904702496500	134.005800000000
0.554625643412000	131.003500000000
0.560406210643000	128.057800000000
0.566247025642800	125.165300000000
0.572148716341600	122.323500000000
0.578111917214500	119.535300000000
0.584137269349200	116.805500000000
0.590225420515100	114.136300000000
0.596377025233100	111.530000000000
0.602592744845600	108.986600000000
0.608873247588100	106.502100000000
0.615219208660400	104.073900000000
0.621631310300000	101.696800000000
0.628110241854500	99.3685200000000
0.634656699856700	97.0867500000000
0.641271388098500	94.8522600000000
0.647955017707500	92.6648700000000
0.654708307222700	90.5260300000000
0.661531982672100	88.4357300000000
0.668426777650900	86.3931500000000
0.675393433399800	84.3969700000000
0.682432698885500	82.4448300000000
0.689545330880400	80.5341200000000
0.696732094044500	78.6654500000000
0.703993761007500	76.8369000000000
0.711331112451700	75.0486300000000
0.718744937196200	73.2999400000000
0.726236032281200	71.5904000000000
0.733805203054300	69.9190700000000
0.741453263256900	68.2853400000000
0.749181035111300	66.6882400000000
0.756989349409500	65.1261200000000
0.764879045602600	63.5981000000000
0.772850971890500	62.1039700000000
0.780905985313700	60.6433300000000
0.789044951845100	59.2152100000000
0.797268746483100	57.8189700000000
0.805578253345900	56.4547800000000
0.813974365766200	55.1214700000000
0.822457986387600	53.8174300000000
0.831030027261400	52.5421200000000
0.839691409944700	51.2971200000000
0.848443065599400	50.0798800000000
0.857285935092800	48.8907400000000
0.866220969097900	47.7280000000000
0.875249128196200	46.5919000000000
0.884371382981000	45.4817200000000
0.893588714161400	44.3967400000000
0.902902112668000	43.3363200000000
0.912312579759200	42.3003300000000
0.921821127129100	41.2879900000000
0.931428777016200	40.2987200000000
0.941136562313100	39.3319900000000
0.950945526677900	38.3875800000000
0.960856724645800	37.4647000000000
0.970871221743300	36.5631100000000
0.980990094602100	35.6822200000000
0.991214431075000	34.8215200000000
1.00154533035300	33.9806200000000
1.01198390308400	33.1600300000000
1.02253127149000	32.3575100000000
1.03318856949000	31.5741700000000
1.04395694282300	30.8085700000000
1.05483754916700	30.0605600000000
1.06583155826700	29.3303700000000
1.07694015205900	28.6168900000000
1.08816452479900	27.9204600000000
1.09950588318900	27.2396600000000
1.11096544650700	26.5747000000000
1.12254444674100	25.9252700000000
1.13424412871800	25.2913700000000
1.14606575023900	24.6721800000000
1.15801058221500	24.0670400000000
1.17007990880400	23.4767700000000
1.18227502754500	22.9005600000000
1.19459724950400	22.3375900000000
1.20704789941000	21.7876200000000
1.21962831579800	21.2513000000000
1.23233985115500	20.7271600000000
1.24518387206400	20.2154500000000
1.25816175935300	19.7161700000000
1.27127490823800	19.2281700000000
1.28452472847800	18.7523000000000
1.29791264452800	18.2871200000000
1.31144009568500	17.8332400000000
1.32510853624900	17.3902800000000
1.33891943567800	16.9577300000000
1.35287427874600	16.5357600000000
1.36697456569800	16.1236500000000
1.38122181242000	15.7211900000000
1.39561755059500	15.3288100000000
1.41016332787000	14.9454100000000
1.42486070802200	14.5712800000000
1.43971127112800	14.2060100000000
1.45471661373100	13.8500500000000
1.46987834901600	13.5022900000000
1.48519810698000	13.1629000000000
1.50067753461000	12.8316900000000
1.51631829605600	12.5082900000000
1.53212207281600	12.1929600000000
1.54809056391200	11.8851200000000
1.56422548607200	11.5848300000000
1.58052857391800	11.2914600000000
1.59700158015300	11.0055300000000
1.61364627574500	10.7264400000000
1.63046445012100	10.4541000000000
1.64745791135600	10.1883400000000
1.66462848637400	9.92882900000000
1.68197802113500	9.67608400000000
1.69950838084300	9.42927100000000
1.71722145013900	9.18867800000000
1.73511913330800	8.95364900000000
1.75320335448100	8.72467600000000
1.77147605784500	8.50120200000000
1.78993920784900	8.28319700000000
1.80859478941700	8.07045600000000
1.82744480816100	7.86296000000000
1.84649129059400	7.66071100000000
1.86573628435400	7.46337800000000
1.88518185841900	7.27073900000000
1.90483010332900	7.08294200000000
1.92468313141500	6.89968400000000
1.94474307702300	6.72095500000000
1.96501209674300	6.54669200000000
1.98549236964400	6.37677300000000
2.00618609750400	6.21090500000000
2.02709550505200	6.04923600000000
2.04822284020100	5.89165200000000
2.06957037429400	5.73801200000000
2.09114040234800	5.58811300000000
2.11293524329900	5.44191800000000
2.13495724025100	5.29941300000000
2.15720876072900	5.16039400000000
2.17969219693700	5.02492300000000
2.20240996600700	4.89282000000000
2.22536451026500	4.76394700000000
2.24855829749400	4.63831100000000
2.27199382119500	4.51586600000000
2.29567360085900	4.39647300000000
2.31960018223500	4.28006700000000
2.34377613760500	4.16658200000000
2.36820406606200	4.05592100000000
2.39288659378700	3.94801500000000
2.41782637433300	3.84292300000000
2.44302608890700	3.74042900000000
2.46848844666400	3.64055700000000
2.49421618499400	3.54317700000000
2.52021206981700	3.44829200000000
2.54647889588100	3.35581400000000
2.57301948706100	3.26566300000000
2.59983669666600	3.17773600000000
2.62693340774200	3.09209200000000
2.65431253338300	3.00863400000000
2.68197701704600	2.92723700000000
2.70992983286500	2.84796200000000
2.73817398597300	2.77069700000000
2.76671251282300	2.69538000000000
2.79554848151400	2.62200500000000
2.82468499212600	2.55051500000000
2.85412517704600	2.48084600000000
2.88387220130900	2.41293000000000
2.91392926293800	2.34680800000000
2.94429959328800	2.28237400000000
2.97498645739000	2.21960200000000
3.00599315430800	2.15844400000000
3.03732301748900	2.09887100000000
3.06897941512100	2.04080500000000
3.10096575049900	1.98426400000000
3.13328546238900	1.92917800000000
3.16594202539500	1.87549500000000
3.19893895033800	1.82321800000000
3.23227978462900	1.77230300000000
3.26596811265000	1.72268700000000
3.30000755614500	1.67436900000000
3.33440177460100	1.62730000000000
3.36915446565000	1.58146300000000
3.40426936545900	1.53681000000000
3.43975024913800	1.49335100000000
3.47560093114200	1.45099800000000
3.51182526568000	1.40976900000000
3.54842714713500	1.36964700000000
3.58541051047500	1.33056300000000
3.62277933168400	1.29250300000000
3.66053762818300	1.25545700000000
3.69868945926500	1.21937700000000
3.73723892653100	1.18425400000000
3.77619017433100	1.15005500000000
3.81554739021000	1.11676600000000
3.85531480535600	1.08435100000000
3.89549669505700	1.05279500000000
3.93609737916000	1.02208600000000
3.97712122253700	0.992180500000000
4.01857263555000	0.963074000000000
4.06045607452900	0.934742900000000
4.10277604225200	0.907182700000000
4.14553708842300	0.880347600000000
4.18874381017000	0.854232200000000
4.23240085252900	0.828839200000000
4.27651290895300	0.804122300000000
4.32108472181100	0.780074500000000
4.36612108289900	0.756674200000000
4.41162683395400	0.733910300000000
4.45760686718000	0.711761100000000
4.50406612576400	0.690211700000000
4.55100960441900	0.669249300000000
4.59844234991100	0.648856500000000
4.64636946160700	0.629015800000000
4.69479609202300	0.609721200000000
4.74372744737600	0.590959100000000
4.79316878814500	0.572702500000000
4.84312542963500	0.554953100000000
4.89360274255200	0.537693300000000
4.94460615357500	0.520911300000000
4.99614114594500	0.504595000000000
5.04821326005000	0.488730600000000
5.10082809402500	0.473334400000000
5.15399130434800	0.458400500000000
5.20770860645300	0.443881900000000
5.26198577534400	0.429768100000000
5.31682864621400	0.416048800000000
5.37224311507300	0.402713900000000
5.42823513938100	0.389753600000000
5.48481073869100	0.377158400000000
5.54197599529400	0.364918800000000
5.59973705487300	0.353025900000000
5.65810012716500	0.341470700000000
5.71707148662800	0.330244600000000
5.77665747311300	0.319339100000000
5.83686449255100	0.308745900000000
5.89769901763600	0.298457200000000
5.95916758852700	0.288465000000000
6.02127681354200	0.278761700000000
6.08403336988000	0.269339900000000
6.14744400432800	0.260192300000000
6.21151553399500	0.251311800000000
6.27625484703800	0.242691500000000
6.34166890340700	0.234324600000000
6.40776473559200	0.226204700000000
6.47454944938000	0.218325200000000
6.54203022461400	0.210680000000000
6.61021431597300	0.203262900000000
6.67910905374600	0.196068000000000
6.74872184462000	0.189089500000000
6.81906017248000	0.182321800000000
6.89013159921100	0.175759300000000
6.96194376551200	0.169396700000000
7.03450439171600	0.163228700000000
7.10782127862200	0.157250100000000
7.18190230833100	0.151456100000000
7.25675544509500	0.145841700000000
7.33238873617600	0.140402200000000
7.40881031270600	0.135132900000000
7.48602839056200	0.130029400000000
7.56405127125400	0.125087200000000
7.64288734281200	0.120302000000000
7.72254508069100	0.115669600000000
7.80303304868100	0.111186000000000
7.88435989982700	0.106847200000000
7.96653437736000	0.102649100000000
8.04956531564000	0.0985881600000000
8.13346164109800	0.0946605300000000
8.21823237320400	0.0908626200000000
8.30388662543300	0.0871909100000000
8.39043360624200	0.0836419400000000
8.47788262006600	0.0802123500000000
8.56624306831400	0.0768988700000000
8.65552445038000	0.0736982900000000
8.74573636466700	0.0706074900000000
8.83688850961500	0.0676234100000000
8.92899068474800	0.0647430800000000
9.02205279172200	0.0619635900000000
9.11608483539600	0.0592821100000000
9.21109692490200	0.0566958700000000
9.30709927473600	0.0542021700000000
9.40410220585200	0.0517983600000000
9.50211614677500	0.0494818600000000
9.60115163472100	0.0472501800000000
9.70121931673100	0.0451008400000000
9.80232995081200	0.0430314500000000
9.90449440709700	0.0410396700000000
10.0077236690100	0.0391232200000000
10.1120288344600	0.0372798500000000
10.2174211170100	0.0355074000000000
10.3239118471000	0.0338037300000000
10.4315124732700	0.0321667600000000
10.5402345633600	0.0305944700000000
10.6500898058100	0.0290848700000000
10.7610900108500	0.0276360200000000
10.8732471118100	0.0262460400000000
10.9865731664100	0.0249130800000000
11.1010803580300	0.0236353300000000
11.2167809970300	0.0224110400000000
11.3336875220700	0.0212384800000000
11.4518125014500	0.0201159800000000
11.5711686344900	0.0190418900000000
11.6917687528400	0.0180146300000000
11.8136258218800	0.0170326100000000
11.9367529421600	0.0160943300000000
12.0611633507300	0.0151982900000000
12.1868704226300	0.0143430300000000
12.3138876722800	0.0135271500000000
12.4422287549800	0.0127492500000000
12.5719074683100	0.0120079800000000
12.7029377537100	0.0113020300000000
12.8353336978700	0.0106301200000000
12.9691095343300	0.00999098500000000
13.1042796449800	0.00938341000000000
13.2408585615900	0.00880620400000000
13.3788609674000	0.00825820700000000
13.5183016986600	0.00773828700000000
13.6591957462900	0.00724534500000000
13.8015582574200	0.00677830700000000
13.9454045370600	0.00633612900000000
14.0907500497400	0.00591779800000000
14.2376104211800	0.00552232300000000
14.3860014399200	0.00514874500000000
14.5359390591000	0.00479613000000000
14.6874393981000	0.00446357000000000
14.8405187443300	0.00415018400000000
14.9951935549200	0.00385511700000000
15.1514804585500	0.00357753800000000
15.3093962572200	0.00331664400000000
15.4689579280200	0.00307165400000000
15.6301826250000	0.00284181200000000
15.7930876809900	0.00262638600000000
15.9576906094900	0.00242467100000000
16.1240091065000	0.00223598000000000
16.2920610525000	0.00205965300000000
16.4618645142800	0.00189505200000000
16.6334377469700	0.00174156100000000
16.8067991959400	0.00159858700000000
16.9819674988200	0.00146555700000000
17.1589614874800	0.00134192300000000
17.3378001900700	0.00122715400000000
17.5185028330600	0.00112074200000000
17.7010888433100	0.00102220100000000
17.8855778501500	0.000931060700000000
18.0719896875000	0.000846874600000000
18.2603443959900	0.000769213700000000
18.4506622251300	0.000697668200000000
18.6429636354900	0.000631846800000000
18.8372693008700	0.000571376500000000
19.0336001105500	0.000515901700000000
19.2319771715400	0.000465084400000000
19.4324218108100	0.000418603300000000
19.6349555776300	0.000376153400000000
19.8396002458700	0.000337446000000000
20.0463778163300	0.000302207400000000
20.2553105191000	0.000270179500000000
20.4664208159800	0.000241118400000000
20.6797314028800	0.000214794300000000
20.8952652122400	0.000190991200000000
21.1130454155200	0.000169506100000000
21.3330954257000	0.000150148800000000
21.5554388997500	0.000132741100000000
21.7800997412200	0.000117116500000000
22.0071021028100	0.000103119700000000
22.2364703889200	9.06061300000000e-05
22.4682292583300	7.94414400000000e-05
22.7024036268100	6.95009500000000e-05
22.9390186698200	6.06692700000000e-05
23.1780998252100	5.28397900000000e-05
23.4196727959400	4.59142100000000e-05
23.6637635529000	3.98020700000000e-05
23.9103983376000	3.44203700000000e-05
24.1596036651100	2.96930400000000e-05
24.4114063268100	2.55505700000000e-05
24.6658333933400	2.19296000000000e-05
24.9229122174600	1.87724800000000e-05
25.1826704370400	1.60269000000000e-05
25.4451359779800	1.36455300000000e-05
25.7103370572500	1.15856100000000e-05
25.9783021859000	9.80866300000000e-06
26.2490601721500	8.28013800000000e-06
26.5226401244600	6.96908300000000e-06
26.7990714546800	5.84786100000000e-06
27.0783838812000	4.89186300000000e-06
27.3606074321500	4.07924000000000e-06
27.6457724486300	3.39065200000000e-06
27.9339095879600	2.80903400000000e-06
28.2250498269900	2.31937300000000e-06
28.5192244654300	1.90850600000000e-06
28.8164651292100	1.56492900000000e-06
29.1168037738800	1.27862200000000e-06
29.4202726880300	1.04088700000000e-06
29.7269044967900	8.44200300000000e-07
30.0367321653400	6.82078500000000e-07
30.3497890024000	5.48953400000000e-07
30.6661086638800	4.40061700000000e-07
30.9857251564700	3.51344000000000e-07
31.3086728412600	2.79354500000000e-07
31.6349864375100	2.21179800000000e-07
31.9647010263000	1.74366600000000e-07
32.2978520543800	1.36858000000000e-07
32.6344753379100	1.06936600000000e-07
32.9746070663700	8.31745800000000e-08
33.3182838063900	6.43904700000000e-08
33.6655425057500	4.96108400000000e-08
34.0164204973000	3.80375200000000e-08
34.3709555029900	2.90191100000000e-08
34.7291856379200	2.20265800000000e-08
35.0911494144700	1.66323900000000e-08
35.4568857463700	1.24928100000000e-08
35.8264339529700	9.33286000000000e-09
36.1998337634100	6.93377400000000e-09
36.5771253208800	5.12241400000000e-09
36.9583491870100	3.76251600000000e-09
37.3435463461400	2.74744100000000e-09
37.7327582097800	1.99421200000000e-09
38.1260266210600	1.43864200000000e-09
38.5233938592200	1.03137600000000e-09
38.9249026441300	7.34694400000000e-10
39.3305961409400	5.19953200000000e-10
39.7405179646500	3.65536100000000e-10
40.1547121848800	2.55237300000000e-10
40.5732233305200	1.76988200000000e-10
40.9960963945800	1.21861700000000e-10
41.4233768390300	8.33007500000000e-11
41.8551105996200	5.65227700000000e-11
42.2913440909000	3.80648100000000e-11
42.7321242111700	2.54378800000000e-11
43.1774983475100	1.68665200000000e-11
43.6275143808900	1.10939400000000e-11
44.0822206913500	7.23750400000000e-12
44.5416661631300	4.68231000000000e-12
45.0059001899800	3.00347300000000e-12
45.4749726804500	1.90986200000000e-12
45.9489340632900	1.20369200000000e-12
46.4278352927900	7.51767300000000e-13
46.9117278543500	4.65182400000000e-13
47.4006637699700	2.85135100000000e-13
47.8946956038200	1.73092900000000e-13
48.3938764679400	1.04045100000000e-13
48.8982600279400	6.19137700000000e-14
49.4079005087400	3.64657500000000e-14
49.9228527004100	2.12530600000000e-14
50.4431719640800	1.22546500000000e-14
50.9689142379000	6.98916800000000e-15
51.5001360429900	3.94181400000000e-15
52.0368944895800	2.19791500000000e-15
52.5792472831500	1.21134000000000e-15
53.1272527305800	6.59714300000000e-16
53.6809697464700	3.54953800000000e-16
54.2404578594500	1.88626900000000e-16
54.8057772185900	9.89779700000000e-17
55.3769885998500	5.12697700000000e-17
55.9541534126500	2.62092500000000e-17
56.5373337064100	1.32189900000000e-17
57.1265921773000	6.57612200000000e-18
57.7219921749000	3.22585000000000e-18
58.3235977090800	1.55988900000000e-18
58.9314734568200	7.43340600000000e-19
59.5456847692400	3.48974500000000e-19
60.1662976785200	1.61352300000000e-19
60.7933789051100	7.34503100000000e-20
61.4269958648300	3.29084500000000e-20
62.0672166761300	1.45068100000000e-20
62.7141101674400	6.28983700000000e-21
63.3677458845400	2.68138500000000e-21
64.0281940980600	1.12351100000000e-21
64.6955258110000	4.62526500000000e-22
65.3698127664200	1.87015200000000e-22
66.0511274551000	7.42393200000000e-23
66.7395431233400	2.89228400000000e-23
67.4351337808800	1.10541900000000e-23
68.1379742088000	4.14302800000000e-24
68.8481399675900	1.52207300000000e-24
69.5657074052600	5.47896300000000e-25
70.2907536655700	1.93161600000000e-25
71.0233566962900	6.66674000000000e-26
71.7635952576100	2.25155800000000e-26
72.5115489306000	7.43759100000000e-27
73.2672981257500	2.40192500000000e-27
74.0309240916200	7.57981900000000e-28
74.8025089236000	2.33625600000000e-28
75.5821355727000	7.02958400000000e-29
76.3698878544900	2.06380000000000e-29
77.1658504581100	5.90895700000000e-30
77.9701089553600	1.64903900000000e-30
78.7827498099200	4.48327100000000e-31
79.6038603866300	1.18676600000000e-31
80.4335289608800	3.05702100000000e-32
81.2718447281100	7.65855400000000e-33
82.1188978134000	1.86490700000000e-33
82.9747792811700	4.41134600000000e-34
83.8395811449300	1.01303500000000e-34
84.7133963772000	2.25708800000000e-35
85.5963189195300	4.87604000000000e-36
86.4884436925500	1.02070600000000e-36
87.3898666062000	2.06900400000000e-37
88.3006845700300	4.05841900000000e-38
89.2209955036500	7.69818900000000e-39
90.1508983472200	1.41107800000000e-39
91.0904930720900	2.49765800000000e-40
92.0398806915800	4.26595400000000e-41
92.9991632718000	7.02548100000000e-42
93.9684439426500	1.11475900000000e-42
94.9478269089000	1.70291400000000e-43
95.9374174613700	2.50245000000000e-44
96.9373219883100	3.53465000000000e-45
97.9476479867600	4.79485600000000e-46
98.9685040741500	6.24144500000000e-47
100	7.78932300000000e-48
