1 -2.45724 0.672442 3.81137 -0.845522 1.34687 -2.46613 -3.14159e-18 
2.63291 -2.93222 -0.681986 1.45965 -1.70316 -0.650222 -2.38822 -3.14159e-18 
4.26582 -2.94107 -2.04981 -1.67236 -1.55874 -1.32079 -1.70667 -3.14159e-18 
5.89873 -2.83816 -2.61192 -2.98822 -1.18132 -1.20512 -1.16999 -3.14159e-18 
7.53165 -2.70097 -2.68859 -3.21363 -0.855826 -0.928814 -0.815633 -3.14159e-18 
9.16456 -2.5556 -2.58245 -3.05578 -0.621286 -0.687119 -0.584657 -3.14159e-18 
10.7975 -2.41235 -2.42812 -2.81166 -0.457852 -0.507079 -0.430117 -3.14159e-18 
12.4304 -2.27547 -2.27129 -2.57259 -0.342988 -0.377324 -0.323387 -3.14159e-18 
14.0633 -2.14661 -2.12496 -2.35987 -0.260732 -0.283645 -0.247544 -3.14159e-18 
15.6962 -2.02621 -1.99172 -2.17491 -0.200693 -0.215271 -0.192345 -3.14159e-18 
17.3291 -1.91412 -1.87108 -2.01434 -0.15612 -0.164744 -0.151358 -3.14159e-18 
18.962 -1.80994 -1.76176 -1.87418 -0.122542 -0.126966 -0.120407 -3.14159e-18 
20.5949 -1.71312 -1.66236 -1.75089 -0.0969256 -0.0984215 -0.0966949 -3.14159e-18 
22.2278 -1.62312 -1.57163 -1.64156 -0.0771698 -0.0766534 -0.0783016 -3.14159e-18 
23.8608 -1.53938 -1.48847 -1.54386 -0.0617888 -0.0599176 -0.0638777 -3.14159e-18 
25.4937 -1.46143 -1.41196 -1.45592 -0.0497141 -0.0469593 -0.052457 -3.14159e-18 
27.1266 -1.38878 -1.34131 -1.37625 -0.0401654 -0.0368636 -0.0433363 -3.14159e-18 
28.7595 -1.32102 -1.27586 -1.30365 -0.032565 -0.0289557 -0.035996 -3.14159e-18 
30.3924 -1.25773 -1.21505 -1.23716 -0.0264802 -0.0227327 -0.0300471 -3.14159e-18 
32.0253 -1.19854 -1.15841 -1.17598 -0.0215836 -0.0178162 -0.0251951 -3.14159e-18 
33.6582 -1.14309 -1.10553 -1.11946 -0.0176249 -0.0139187 -0.0212147 -3.14159e-18 
35.2911 -1.09109 -1.05604 -1.06706 -0.0144109 -0.0108205 -0.0179318 -3.14159e-18 
36.9241 -1.04222 -1.00965 -1.01833 -0.011792 -0.00835226 -0.0152108 -3.14159e-18 
38.557 -0.996303 -0.96608 -0.972872 -0.00965079 -0.00638281 -0.012945 -3.14159e-18 
40.1899 -0.953108 -0.925094 -0.930365 -0.00789496 -0.00480984 -0.0110504 -3.14159e-18 
41.8228 -0.912446 -0.886481 -0.890526 -0.00645139 -0.00355309 -0.00945978 -3.14159e-18 
43.4557 -0.874151 -0.850055 -0.853111 -0.00526184 -0.00254937 -0.00811942 -3.14159e-18 
45.0886 -0.83794 -0.815648 -0.817906 -0.00427971 -0.00174862 -0.00698603 -3.14159e-18 
46.7215 -0.803785 -0.78311 -0.784726 -0.0034675 -0.00111102 -0.00602453 -3.14159e-18 
48.3544 -0.771369 -0.752306 -0.753404 -0.00279494 -0.000604759 -0.00520634 -3.14159e-18 
49.9873 -0.740706 -0.723113 -0.723795 -0.00223747 -0.000204295 -0.00450809 -3.14159e-18 
51.6203 -0.711677 -0.69542 -0.695769 -0.00177507 0.000110944 -0.00391059 -3.14159e-18 
53.2532 -0.684149 -0.669124 -0.669207 -0.00139142 0.000357619 -0.00339797 -3.14159e-18 
54.8861 -0.658024 -0.644134 -0.644003 -0.00107308 0.000549279 -0.00295711 -3.14159e-18 
56.519 -0.633236 -0.620364 -0.620064 -0.000809019 0.00069699 -0.00257706 -3.14159e-18 
58.1519 -0.609758 -0.597736 -0.5973 -0.000590121 0.000809823 -0.00224871 -3.14159e-18 
59.7848 -0.587338 -0.576177 -0.575633 -0.000408835 0.000895233 -0.00196441 -3.14159e-18 
61.4177 -0.565865 -0.555621 -0.554991 -0.000258894 0.000959329 -0.00171772 -3.14159e-18 
63.0506 -0.545628 -0.536007 -0.535306 -0.000135079 0.00100708 -0.00150324 -3.14159e-18 
64.6835 -0.526063 -0.517277 -0.516518 -3.30512e-05 0.00104242 -0.00131639 -3.14159e-18 
66.3165 -0.507675 -0.499378 -0.498571 5.08098e-05 0.00106832 -0.00115329 -3.14159e-18 
67.9494 -0.490018 -0.482263 -0.481414 0.000119505 0.00108672 -0.00101067 -3.14159e-18 
69.5823 -0.47304 -0.465886 -0.465004 0.000175516 0.0010985 -0.000885747 -3.14159e-18 
71.2152 -0.456996 -0.450207 -0.449299 0.000220856 0.00110333 -0.000776188 -3.14159e-18 
72.8481 -0.441651 -0.435192 -0.434268 0.000257133 0.00109953 -0.000680037 -3.14159e-18 
74.481 -0.426862 -0.420809 -0.419884 0.000285575 0.001084 -0.000595672 -3.14159e-18 
76.1139 -0.412633 -0.407034 -0.406128 0.000307058 0.00105219 -0.000521772 -3.14159e-18 
77.7468 -0.398994 -0.393847 -0.392987 0.000322136 0.000998336 -0.000457283 -3.14159e-18 
79.3797 -0.385945 -0.381235 -0.380456 0.000331066 0.000915898 -0.000401384 -3.14159e-18 
81.0127 -0.373459 -0.369189 -0.368533 0.000333855 0.000798392 -0.000353459 -3.14159e-18 
82.6456 -0.36148 -0.357704 -0.357221 0.00033032 0.000640529 -0.000313047 -3.14159e-18 
84.2785 -0.349925 -0.346778 -0.34652 0.000320177 0.000439635 -0.0002798 -3.14159e-18 
85.9114 -0.338729 -0.33641 -0.336428 0.000303157 0.000197139 -0.000253417 -3.14159e-18 
87.5443 -0.327908 -0.326597 -0.326933 0.000279132 -8.01844e-05 -0.000233581 -3.14159e-18 
89.1772 -0.317664 -0.317332 -0.318013 0.000248254 -0.0003795 -0.000219894 -3.14159e-18 
90.8101 -0.308196 -0.308604 -0.309633 0.000211077 -0.000682163 -0.000211812 -3.14159e-18 
92.443 -0.299093 -0.300393 -0.301745 0.000168642 -0.000965051 -0.00020861 -3.14159e-18 
94.0759 -0.290361 -0.292674 -0.294294 0.000122499 -0.001203 -0.000209359 -3.14159e-18 
95.7089 -0.282705 -0.285415 -0.28722 7.46542e-05 -0.00137206 -0.00021295 -3.14159e-18 
97.3418 -0.275628 -0.278582 -0.280466 2.74406e-05 -0.00145298 -0.000218138 -3.14159e-18 
98.9747 -0.268924 -0.272138 -0.273982 -1.66784e-05 -0.00143441 -0.000223633 -3.14159e-18 
100.608 -0.263512 -0.266044 -0.26773 -5.53471e-05 -0.00131489 -0.000228188 -3.14159e-18 
102.241 -0.258081 -0.260266 -0.261686 -8.65519e-05 -0.00110343 -0.000230712 -3.14159e-18 
103.873 -0.253772 -0.254768 -0.255838 -0.00010883 -0.000818373 -0.000230355 -3.14159e-18 
105.506 -0.249325 -0.249516 -0.250182 -0.000121402 -0.000484882 -0.000226574 -3.14159e-18 
107.139 -0.245658 -0.244478 -0.24472 -0.000124225 -0.000131392 -0.000219163 -3.14159e-18 
108.772 -0.241486 -0.23962 -0.239452 -0.000117945 0.000214096 -0.000208238 -3.14159e-18 
110.405 -0.237975 -0.23491 -0.234374 -0.000103788 0.00052731 -0.000194196 -3.14159e-18 
112.038 -0.23363 -0.230314 -0.229472 -8.33794e-05 0.000790068 -0.000177642 -3.14159e-18 
113.671 -0.229781 -0.225802 -0.224729 -5.85529e-05 0.000991412 -0.000159307 -3.14159e-18 
115.304 -0.225554 -0.221345 -0.220118 -3.11621e-05 0.00112757 -0.000139966 -3.14159e-18 
116.937 -0.220884 -0.216918 -0.215612 -2.92455e-06 0.00120097 -0.00012036 -3.14159e-18 
118.57 -0.216723 -0.212503 -0.211181 2.46933e-05 0.00121869 -0.000101147 -3.14159e-18 
120.203 -0.212073 -0.208084 -0.2068 5.05388e-05 0.0011907 -8.28633e-05 -3.14159e-18 
121.835 -0.207071 -0.203656 -0.202447 7.37919e-05 0.00112815 -6.59057e-05 -3.14159e-18 
123.468 -0.20258 -0.199215 -0.198109 9.39504e-05 0.00104202 -5.05355e-05 -3.14159e-18 
125.101 -0.197927 -0.194766 -0.193777 0.000110788 0.000942079 -3.68898e-05 -3.14159e-18 
126.734 -0.192806 -0.190315 -0.189448 0.0001243 0.00083638 -2.50028e-05 -3.14159e-18 
128.367 -0.187877 -0.185872 -0.185125 0.000134645 0.000731103 -1.48291e-05 -3.14159e-18 
130 -0.183406 -0.181448 -0.180815 0.000142085 0.00063068 -6.26689e-06 -3.14159e-18 
