1 2.81593 2.08181 4.41867 1.33389 4.5976 4.33499 2.65996 
2.63291 1.15243 1.26948 2.88767 0.662768 2.08406 1.18566 0.617786 
4.26582 0.668569 0.757073 1.67608 0.250072 0.999114 0.372368 0.214118 
5.89873 0.442373 0.474838 1.01094 0.087778 0.550739 0.127263 0.0959769 
7.53165 0.314587 0.321158 0.665952 0.0303952 0.348333 0.0468787 0.0499594 
9.16456 0.234364 0.23204 0.473901 0.00973713 0.242709 0.0170235 0.0285295 
10.7975 0.180413 0.175784 0.355773 0.00184075 0.1798 0.00481201 0.017335 
12.4304 0.142344 0.137618 0.27691 -0.00126731 0.13865 -0.000390551 0.0110187 
14.0633 0.114483 0.110328 0.221121 -0.00240999 0.10998 -0.0025402 0.00725146 
15.6962 0.093511 0.0900624 0.180002 -0.00269957 0.0890974 -0.00329163 0.00490708 
17.3291 0.0773659 0.0745778 0.148755 -0.00261708 0.0733752 -0.00339459 0.0033979 
18.962 0.0646995 0.0624793 0.124441 -0.00238297 0.0612287 -0.00320604 0.00239898 
20.5949 0.0546071 0.0528541 0.105157 -0.00210074 0.0516485 -0.0029001 0.00172214 
22.2278 0.0464529 0.045081 0.0896203 -0.00181855 0.0439629 -0.00256213 0.00125427 
23.8608 0.0397965 0.0387242 0.0769369 -0.00155755 0.0377094 -0.00223286 0.000925195 
25.4937 0.0342995 0.0334689 0.0664662 -0.00132559 0.0325598 -0.00193035 0.000690196 
27.1266 0.0297255 0.0290836 0.0577383 -0.00112403 0.0282753 -0.00166111 0.0005201 
28.7595 0.0258877 0.025394 0.0504013 -0.000951241 0.0246788 -0.00142587 0.00039549 
30.3924 0.0226426 0.0222674 0.0441879 -0.000804309 0.021636 -0.0012226 0.00030321 
32.0253 0.019883 0.0196006 0.0388909 -0.000679986 0.0190439 -0.00104816 0.000234197 
33.6582 0.017523 0.0173128 0.0343487 -0.000575093 0.0168222 -0.000899038 0.000182124 
35.2911 0.0154918 0.0153399 0.0304327 -0.000486723 0.0149073 -0.000771849 0.00014251 
36.9241 0.0137388 0.0136305 0.0270405 -0.000412314 0.0132488 -0.000663463 0.000112149 
38.557 0.0122164 0.0121428 0.0240888 -0.00034965 0.0118056 -0.000571115 8.87182e-05 
40.1899 0.0108895 0.0108431 0.0215104 -0.000296844 0.0105448 -0.000492386 7.05207e-05 
41.8228 0.00972823 0.00970337 0.0192495 -0.000252306 0.00943912 -0.00042521 5.63043e-05 
43.4557 0.00870949 0.0087005 0.0172603 -0.000214699 0.00846607 -0.00036782 4.51372e-05 
45.0886 0.00781193 0.00781534 0.0155046 -0.000182904 0.00760702 -0.00031872 3.6321e-05 
46.7215 0.00701914 0.00703182 0.0139504 -0.000155988 0.00684637 -0.000276647 2.93279e-05 
48.3544 0.00631618 0.00633634 0.0125709 -0.000133168 0.00617099 -0.000240538 2.37565e-05 
49.9873 0.00569258 0.00571748 0.0113433 -0.000113798 0.00556977 -0.000209495 1.92997e-05 
51.6203 0.00513733 0.00516541 0.0102482 -9.73344e-05 0.00503327 -0.000182764 1.57209e-05 
53.2532 0.00464139 0.00467185 0.00926911 -8.33244e-05 0.00455342 -0.000159709 1.28368e-05 
54.8861 0.00419767 0.00422963 0.00839176 -7.13914e-05 0.0041233 -0.000139793 1.0505e-05 
56.519 0.00380066 0.00383258 0.00760394 -6.12189e-05 0.00373694 -0.000122566 8.61376e-06 
58.1519 0.00344405 0.00347535 0.00689505 -5.25423e-05 0.00338915 -0.000107643 7.07534e-06 
59.7848 0.00312266 0.0031533 0.00625585 -4.51393e-05 0.00307545 -9.47003e-05 5.82048e-06 
61.4177 0.00283327 0.00286237 0.00567832 -3.88209e-05 0.00279188 -8.34619e-05 4.79427e-06 
63.0506 0.00257162 0.00259902 0.00515539 -3.34272e-05 0.00253502 -7.36916e-05 3.95299e-06 
64.6835 0.00233495 0.00236014 0.00468093 -2.88219e-05 0.00230182 -6.51858e-05 3.2617e-06 
66.3165 0.00211964 0.00214304 0.00424949 -2.4885e-05 0.00208963 -5.77681e-05 2.69244e-06 
67.9494 0.00192478 0.00194528 0.00385643 -2.15106e-05 0.00189614 -5.12823e-05 2.22275e-06 
69.5823 0.00174682 0.0017649 0.0034977 -1.86027e-05 0.00171935 -4.55887e-05 1.83454e-06 
71.2152 0.00158359 0.00160014 0.00316992 -1.60717e-05 0.00155758 -4.05593e-05 1.51325e-06 
72.8481 0.00143421 0.00144964 0.00287041 -1.38309e-05 0.00140949 -3.6075e-05 1.24716e-06 
74.481 0.00129741 0.00131235 0.00259716 -1.17961e-05 0.00127407 -3.20232e-05 1.02682e-06 
76.1139 0.0011703 0.00118756 0.00234891 -9.88502e-06 0.0011507 -2.82966e-05 8.4467e-07 
77.7468 0.00105283 0.00107499 0.00212521 -8.01871e-06 0.00103919 -2.47946e-05 6.94669e-07 
79.3797 0.000945814 0.000974729 0.00192637 -6.12524e-06 0.000939748 -2.14261e-05 5.72052e-07 
81.0127 0.000847199 0.000887233 0.00175342 -4.14473e-06 0.000852998 -1.81143e-05 4.73096e-07 
82.6456 0.000755539 0.000813248 0.001608 -2.0376e-06 0.000779906 -1.4804e-05 3.94937e-07 
84.2785 0.000675335 0.000753735 0.00149204 2.07193e-07 0.00072165 -1.14686e-05 3.35389e-07 
85.9114 0.000610047 0.000709656 0.00140743 2.5651e-06 0.000679429 -8.11717e-06 2.92776e-07 
87.5443 0.000558287 0.000681776 0.00135557 4.97133e-06 0.000654198 -4.79925e-06 2.65744e-07 
89.1772 0.000521843 0.000670352 0.00133678 7.32078e-06 0.000646376 -1.60452e-06 2.53051e-07 
90.8101 0.000509711 0.000674934 0.00134988 9.47461e-06 0.000655547 1.34369e-06 2.53362e-07 
92.443 0.000532281 0.000694137 0.00139173 1.1275e-05 0.000680224 3.90092e-06 2.65036e-07 
94.0759 0.000582859 0.000725483 0.00145713 1.25651e-05 0.00071773 5.92033e-06 2.8597e-07 
95.7089 0.000654772 0.000765495 0.00153888 1.32113e-05 0.000764231 7.27437e-06 3.1351e-07 
97.3418 0.000748505 0.000809806 0.00162816 1.31269e-05 0.000814951 7.87631e-06 3.44485e-07 
98.9747 0.000858255 0.000853533 0.00171529 1.22882e-05 0.000864567 7.69727e-06 3.75376e-07 
100.608 0.000968631 0.00089172 0.00179053 1.07432e-05 0.000907696 6.77496e-06 4.02583e-07 
102.241 0.00105354 0.00091983 0.00184505 8.60909e-06 0.000939457 5.21281e-06 4.22809e-07 
103.873 0.00109917 0.000934168 0.00187179 6.05752e-06 0.000955958 3.1686e-06 4.33422e-07 
105.506 0.00110975 0.000932266 0.00186611 3.29364e-06 0.000954671 8.3549e-07 4.32775e-07 
107.139 0.00109339 0.000913058 0.0018261 5.30151e-07 0.000934621 -1.58206e-06 4.20395e-07 
108.772 0.00104861 0.000876905 0.00175258 -2.03805e-06 0.000896375 -3.89173e-06 3.96995e-07 
110.405 0.000966372 0.000825412 0.0016488 -4.25444e-06 0.000841833 -5.9333e-06 3.64312e-07 
112.038 0.000856249 0.000761147 0.00151988 -6.01326e-06 0.000773912 -7.59188e-06 3.24826e-07 
113.671 0.000737357 0.000687322 0.00137209 -7.26375e-06 0.000696138 -8.8033e-06 2.8139e-07 
115.304 0.000630297 0.000607353 0.00121216 -8.0061e-06 0.000612238 -9.55205e-06 2.36849e-07 
116.937 0.000535947 0.000524586 0.00104668 -8.282e-06 0.000525786 -9.86346e-06 1.93724e-07 
118.57 0.000440845 0.000442009 0.000881529 -8.16143e-06 0.000439949 -9.79271e-06 1.54005e-07 
120.203 0.000337763 0.000362097 0.000721638 -7.72978e-06 0.000357309 -9.413e-06 1.19037e-07 
121.835 0.000236241 0.000286746 0.000570779 -7.0761e-06 0.000279798 -8.80392e-06 8.95295e-08 
123.468 0.000158021 0.000217262 0.00043157 -6.2842e-06 0.00020871 -8.04294e-06 6.56327e-08 
125.101 0.000107732 0.000154398 0.000305577 -5.42628e-06 0.000144767 -7.19869e-06 4.70658e-08 
126.734 7.18502e-05 9.84859e-05 0.000193467 -4.55993e-06 8.82215e-05 -6.32748e-06 3.32574e-08 
128.367 3.1308e-05 4.94863e-05 9.52007e-05 -3.72718e-06 3.89655e-05 -5.47227e-06 2.34791e-08 
130 -2.29333e-05 7.1018e-06 1.02266e-05 -2.95574e-06 -3.36426e-06 -4.66349e-06 1.69558e-08 
